1558453508.993848, 0
1558453509.018298, 0
1558453509.037753, 3
1558453509.056298, 7
1558453509.076794, 3
1558453509.097305, 13
1558453509.115911, 17
1558453509.129259, 21
1558453509.143423, 23
1558453509.157184, 25
1558453509.171583, 28
1558453509.185234, 31
1558453509.198778, 35
1558453509.212395, 38
1558453509.225822, 42
1558453509.239304, 49
1558453509.260298, 53
1558453509.279870, 59
1558453509.292847, 64
1558453509.306168, 68
1558453509.319577, 72
1558453509.332905, 77
1558453509.346482, 81
1558453509.359792, 82
1558453509.373769, 87
1558453509.387416, 91
1558453509.400814, 93
1558453509.414079, 99
1558453509.427335, 99
1558453509.441273, 99
1558453509.454741, 100
1558453509.468086, 100
1558453509.481428, 100
1558453509.495085, 100
1558453509.508511, 100
1558453509.522227, 100
1558453509.535630, 99
1558453509.548924, 100
1558453509.563334, 100
1558453509.577075, 100
1558453509.591567, 100
1558453509.604938, 99
1558453509.618624, 100
1558453509.632217, 100
1558453509.645703, 100
1558453509.659982, 99
1558453509.673545, 99
1558453509.687228, 100
1558453509.700903, 100
1558453509.714240, 99
1558453509.727236, 100
1558453509.740687, 100
1558453509.754001, 99
1558453509.767393, 100
1558453509.781021, 100
1558453509.794429, 100
1558453509.808082, 100
1558453509.821018, 100
1558453509.834411, 100
1558453509.848042, 99
1558453509.869452, 99
1558453509.887396, 100
1558453509.901108, 100
1558453509.914341, 100
1558453509.927653, 100
1558453509.941586, 99
1558453509.955585, 100
1558453509.969677, 100
1558453509.983577, 100
1558453509.998150, 100
1558453510.011745, 99
1558453510.025545, 100
1558453510.039545, 100
1558453510.053273, 100
1558453510.066788, 99
1558453510.080752, 99
1558453510.094270, 100
1558453510.107984, 100
1558453510.121978, 100
1558453510.135331, 99
1558453510.148683, 99
1558453510.162556, 100
1558453510.176891, 100
1558453510.190317, 100
1558453510.203924, 99
1558453510.217591, 99
1558453510.231234, 100
1558453510.246410, 99
1558453510.260354, 100
1558453510.275008, 97
1558453510.288537, 97
1558453510.302101, 97
1558453510.315618, 98
1558453510.328619, 99
1558453510.341807, 100
1558453510.355725, 99
1558453510.369356, 98
1558453510.382613, 100
1558453510.396089, 98
1558453510.409476, 98
1558453510.422827, 99
1558453510.436202, 99
1558453510.450218, 98
1558453510.468767, 97
1558453510.487938, 100
1558453510.500903, 98
1558453510.514438, 97
1558453510.527904, 99
1558453510.540991, 100
1558453510.554915, 100
1558453510.568408, 96
1558453510.581711, 97
1558453510.595087, 100
1558453510.608650, 97
1558453510.622330, 100
1558453510.636089, 100
1558453510.649635, 100
1558453510.663191, 100
1558453510.676762, 96
1558453510.690582, 95
1558453510.704383, 93
1558453510.717880, 98
1558453510.731079, 100
1558453510.744960, 98
1558453510.758374, 97
1558453510.771896, 100
1558453510.785249, 97
1558453510.798731, 100
1558453510.812105, 99
1558453510.825986, 99
1558453510.839480, 100
1558453510.853576, 99
1558453510.867249, 96
1558453510.880689, 98
1558453510.894384, 95
1558453510.907998, 97
1558453510.921636, 97
1558453510.934732, 93
1558453510.948202, 97
1558453510.961580, 98
1558453510.974948, 97
1558453510.988671, 100
1558453511.002185, 98
1558453511.015723, 98
1558453511.029462, 97
1558453511.042927, 96
1558453511.069978, 94
1558453511.088955, 97
1558453511.102943, 93
1558453511.116676, 96
1558453511.129912, 97
1558453511.143394, 95
1558453511.156790, 98
1558453511.170184, 100
1558453511.184068, 98
1558453511.197058, 96
1558453511.210610, 95
1558453511.224646, 94
1558453511.245637, 96
1558453511.261880, 95
1558453511.275654, 94
1558453511.290119, 96
1558453511.303672, 95
1558453511.316898, 93
1558453511.330726, 98
1558453511.345904, 99
1558453511.360073, 98
1558453511.373858, 96
1558453511.387803, 97
1558453511.401404, 93
1558453511.414931, 95
1558453511.428508, 95
1558453511.441764, 93
1558453511.456286, 97
1558453511.469577, 96
1558453511.483212, 94
1558453511.496347, 97
1558453511.509734, 97
1558453511.523750, 94
1558453511.537188, 91
1558453511.550569, 88
1558453511.564012, 84
1558453511.577581, 82
1558453511.591406, 76
1558453511.605058, 71
1558453511.618554, 69
1558453511.632046, 65
1558453511.651364, 63
1558453511.670445, 58
1558453511.692494, 53
1558453511.706227, 47
1558453511.719367, 44
1558453511.732565, 40
1558453511.746498, 35
1558453511.760148, 37
1558453511.773804, 38
1558453511.787682, 38
1558453511.801035, 38
1558453511.814609, 37
1558453511.828113, 35
1558453511.842329, 34
1558453511.855758, 34
1558453511.869311, 35
1558453511.883418, 34
1558453511.896735, 34
1558453511.910175, 34
1558453511.924220, 34
1558453511.937505, 33
1558453511.957356, 34
1558453511.970747, 33
1558453511.984309, 34
1558453511.997447, 34
1558453512.010436, 35
1558453512.024692, 35
1558453512.038020, 34
1558453512.055868, 35
1558453512.069436, 35
1558453512.082943, 34
1558453512.096940, 35
1558453512.110662, 34
1558453512.124184, 34
1558453512.137513, 35
1558453512.151304, 36
1558453512.164945, 36
1558453512.178373, 36
1558453512.191657, 35
1558453512.205606, 35
1558453512.218995, 36
1558453512.232529, 34
1558453512.251229, 35
1558453512.273671, 35
1558453512.293389, 35
1558453512.308676, 35
1558453512.323184, 35
1558453512.337957, 36
1558453512.351748, 37
1558453512.365186, 36
1558453512.378203, 36
1558453512.392907, 37
1558453512.407823, 36
1558453512.421628, 36
1558453512.434958, 36
1558453512.448555, 35
1558453512.462251, 36
1558453512.476371, 37
1558453512.491183, 37
1558453512.504996, 36
1558453512.518760, 37
1558453512.533304, 38
1558453512.546937, 36
1558453512.560712, 38
1558453512.574376, 37
1558453512.588343, 38
1558453512.602017, 37
1558453512.615743, 38
1558453512.629384, 38
1558453512.642893, 37
1558453512.657091, 38
1558453512.670919, 37
1558453512.684763, 38
1558453512.699250, 37
1558453512.712869, 38
1558453512.726499, 38
1558453512.741241, 37
1558453512.754964, 39
1558453512.768254, 39
1558453512.782242, 38
1558453512.796139, 38
1558453512.810510, 39
1558453512.825117, 38
1558453512.838511, 39
1558453512.852465, 38
1558453512.872936, 37
1558453512.893555, 38
1558453512.907316, 39
1558453512.922071, 38
1558453512.935357, 39
1558453512.948902, 39
1558453512.962291, 39
1558453512.975742, 40
1558453512.989590, 40
1558453513.003160, 39
1558453513.016683, 39
1558453513.030360, 40
1558453513.044275, 40
1558453513.057905, 39
1558453513.071682, 40
1558453513.086185, 40
1558453513.099996, 39
1558453513.113606, 39
1558453513.127420, 40
1558453513.141158, 40
1558453513.155266, 39
1558453513.169101, 40
1558453513.183199, 40
1558453513.196786, 40
1558453513.210461, 41
1558453513.224254, 40
1558453513.237836, 40
1558453513.251400, 39
1558453513.265108, 41
1558453513.278800, 41
1558453513.292249, 42
1558453513.306223, 41
1558453513.319932, 41
1558453513.333578, 42
1558453513.347154, 41
1558453513.360687, 41
1558453513.374300, 42
1558453513.388193, 41
1558453513.401897, 41
1558453513.415088, 41
1558453513.428501, 40
1558453513.442035, 40
1558453513.456932, 40
1558453513.474499, 39
1558453513.495225, 42
1558453513.508485, 41
1558453513.522667, 42
1558453513.535982, 42
1558453513.549761, 41
1558453513.563068, 42
1558453513.577518, 42
1558453513.591264, 41
1558453513.604808, 42
1558453513.618364, 41
1558453513.632426, 43
1558453513.645951, 42
1558453513.659476, 42
1558453513.673673, 43
1558453513.686994, 43
1558453513.700493, 42
1558453513.714113, 42
1558453513.728484, 44
1558453513.742375, 43
1558453513.756270, 44
1558453513.769889, 44
1558453513.783490, 44
1558453513.797636, 44
1558453513.811247, 44
1558453513.825069, 43
1558453513.838826, 43
1558453513.852702, 44
1558453513.866302, 44
1558453513.879838, 43
1558453513.893362, 43
1558453513.906979, 44
1558453513.920616, 44
1558453513.934543, 43
1558453513.948034, 43
1558453513.961861, 44
1558453513.975635, 44
1558453513.990065, 44
1558453514.003816, 43
1558453514.017515, 43
1558453514.031082, 43
1558453514.045043, 43
1558453514.066956, 44
1558453514.086749, 44
1558453514.100285, 44
1558453514.113691, 45
1558453514.127125, 44
1558453514.140614, 45
1558453514.154907, 44
1558453514.168426, 44
1558453514.181780, 44
1558453514.195503, 46
1558453514.209873, 46
1558453514.224161, 46
1558453514.237997, 46
1558453514.251979, 47
1558453514.265961, 48
1558453514.279675, 47
1558453514.293057, 45
1558453514.306701, 46
1558453514.320492, 45
1558453514.334276, 45
1558453514.347546, 46
1558453514.361394, 46
1558453514.374641, 46
1558453514.388752, 46
1558453514.402260, 45
1558453514.415707, 44
1558453514.429204, 46
1558453514.442952, 47
1558453514.457201, 46
1558453514.471306, 47
1558453514.485368, 47
1558453514.498853, 47
1558453514.511755, 46
1558453514.525239, 47
1558453514.538910, 47
1558453514.552201, 47
1558453514.565792, 47
1558453514.579207, 46
1558453514.592527, 46
1558453514.606411, 47
1558453514.620976, 47
1558453514.635681, 47
1558453514.653686, 45
1558453514.675119, 46
1558453514.694814, 47
1558453514.708261, 46
1558453514.722465, 47
1558453514.736387, 46
1558453514.749997, 48
1558453514.763454, 47
1558453514.777339, 47
1558453514.790778, 46
1558453514.804988, 48
1558453514.818386, 48
1558453514.832137, 48
1558453514.845478, 47
1558453514.859272, 47
1558453514.873056, 48
1558453514.886422, 48
1558453514.900105, 48
1558453514.913728, 46
1558453514.927338, 48
1558453514.941013, 48
1558453514.954600, 48
1558453514.968347, 48
1558453514.981915, 48
1558453514.996102, 49
1558453515.009635, 49
1558453515.023443, 48
1558453515.037829, 48
1558453515.051558, 48
1558453515.065154, 49
1558453515.078858, 50
1558453515.092636, 49
1558453515.106155, 48
1558453515.120236, 48
1558453515.133788, 48
1558453515.147594, 49
1558453515.161212, 48
1558453515.174551, 50
1558453515.188178, 49
1558453515.201756, 48
1558453515.215705, 48
1558453515.229389, 49
1558453515.243008, 50
1558453515.256590, 49
1558453515.277067, 49
1558453515.296746, 49
1558453515.310387, 49
1558453515.323837, 50
1558453515.337902, 50
1558453515.351929, 49
1558453515.365862, 49
1558453515.379193, 51
1558453515.393098, 49
1558453515.407571, 49
1558453515.421224, 50
1558453515.434829, 50
1558453515.447755, 50
1558453515.461233, 51
1558453515.474713, 51
1558453515.488530, 50
1558453515.502013, 50
1558453515.515916, 50
1558453515.529591, 51
1558453515.543196, 51
1558453515.557013, 50
1558453515.570625, 50
1558453515.584676, 52
1558453515.598388, 50
1558453515.611664, 50
1558453515.625076, 51
1558453515.638154, 51
1558453515.651939, 50
1558453515.665598, 51
1558453515.679390, 52
1558453515.692878, 51
1558453515.706578, 50
1558453515.720171, 52
1558453515.733882, 51
1558453515.747806, 51
1558453515.761247, 51
1558453515.774859, 52
1558453515.788845, 52
1558453515.803155, 50
1558453515.816869, 51
1558453515.830466, 51
1558453515.844096, 51
1558453515.858335, 49
1558453515.880755, 51
1558453515.898043, 52
1558453515.911523, 51
1558453515.924994, 52
1558453515.937929, 52
1558453515.951716, 52
1558453515.965501, 51
1558453515.978737, 52
1558453515.992765, 54
1558453516.006308, 53
1558453516.020323, 52
1558453516.034240, 51
1558453516.047868, 53
1558453516.061506, 52
1558453516.074590, 52
1558453516.088107, 53
1558453516.101711, 53
1558453516.115254, 52
1558453516.128591, 51
1558453516.142578, 53
1558453516.156131, 53
1558453516.169673, 52
1558453516.183350, 52
1558453516.197222, 53
1558453516.211056, 51
1558453516.224415, 53
1558453516.238356, 53
1558453516.251815, 52
1558453516.265182, 53
1558453516.279063, 54
1558453516.292706, 54
1558453516.306590, 52
1558453516.320279, 54
1558453516.333685, 54
1558453516.347115, 53
1558453516.361256, 52
1558453516.374587, 54
1558453516.388006, 54
1558453516.401404, 53
1558453516.414755, 54
1558453516.428389, 54
1558453516.441714, 53
1558453516.455729, 53
1558453516.476194, 54
1558453516.496949, 54
1558453516.510642, 52
1558453516.524009, 54
1558453516.537638, 55
1558453516.551689, 54
1558453516.565027, 53
1558453516.578443, 54
1558453516.591981, 55
1558453516.606095, 55
1558453516.619793, 53
1558453516.633391, 54
1558453516.646429, 54
1558453516.659602, 54
1558453516.673576, 54
1558453516.687052, 55
1558453516.700006, 56
1558453516.713623, 55
1558453516.727031, 54
1558453516.740480, 55
1558453516.753981, 55
1558453516.767423, 54
1558453516.780712, 54
1558453516.794057, 56
1558453516.808640, 56
1558453516.822134, 55
1558453516.835965, 55
1558453516.849414, 55
1558453516.863983, 56
1558453516.877345, 56
1558453516.890710, 56
1558453516.904132, 56
1558453516.917282, 56
1558453516.931258, 55
1558453516.944537, 55
1558453516.958328, 54
1558453516.971774, 55
1558453516.985140, 57
1558453516.998508, 56
1558453517.012194, 57
1558453517.025691, 56
1558453517.039599, 56
1558453517.058387, 55
1558453517.076426, 55
1558453517.097173, 56
1558453517.110832, 56
1558453517.124252, 56
1558453517.137672, 56
1558453517.151835, 57
1558453517.165034, 55
1558453517.178496, 56
1558453517.191999, 58
1558453517.205581, 57
1558453517.219261, 55
1558453517.233059, 56
1558453517.246527, 57
1558453517.259577, 56
1558453517.273676, 55
1558453517.287239, 58
1558453517.301181, 57
1558453517.314785, 56
1558453517.329296, 57
1558453517.343185, 57
1558453517.356761, 57
1558453517.370503, 57
1558453517.383780, 58
1558453517.397225, 58
1558453517.410716, 59
1558453517.424319, 57
1558453517.437817, 56
1558453517.451171, 58
1558453517.464623, 57
1558453517.477643, 57
1558453517.490919, 58
1558453517.504331, 57
1558453517.517647, 58
1558453517.531040, 57
1558453517.544431, 57
1558453517.557916, 58
1558453517.571609, 58
1558453517.585007, 57
1558453517.598384, 59
1558453517.611821, 58
1558453517.625186, 57
1558453517.638691, 58
1558453517.658267, 57
1558453517.677263, 57
1558453517.696406, 58
1558453517.709960, 58
1558453517.723614, 59
1558453517.737718, 59
1558453517.751389, 58
1558453517.765068, 57
1558453517.779085, 58
1558453517.792714, 61
1558453517.819559, 58
1558453517.832987, 58
1558453517.846483, 58
1558453517.859965, 59
1558453517.873679, 59
1558453517.887338, 60
1558453517.900932, 59
1558453517.914486, 60
1558453517.928251, 59
1558453517.941848, 59
1558453517.955637, 59
1558453517.969443, 59
1558453517.983173, 58
1558453517.996983, 60
1558453518.010334, 59
1558453518.023766, 61
1558453518.038008, 59
1558453518.051835, 59
1558453518.065562, 60
1558453518.079160, 59
1558453518.092866, 60
1558453518.106790, 59
1558453518.120604, 61
1558453518.134386, 59
1558453518.147777, 59
1558453518.161625, 59
1558453518.175418, 60
1558453518.188993, 61
1558453518.202611, 60
1558453518.216208, 61
1558453518.230053, 59
1558453518.244153, 60
1558453518.259229, 58
1558453518.281665, 59
1558453518.300459, 60
1558453518.313882, 60
1558453518.327864, 60
1558453518.341227, 61
1558453518.354869, 61
1558453518.368672, 60
1558453518.382365, 60
1558453518.396056, 62
1558453518.409680, 62
1558453518.423332, 61
1558453518.437234, 60
1558453518.450762, 61
1558453518.464739, 61
1558453518.478401, 61
1558453518.492293, 61
1558453518.505560, 61
1558453518.519339, 62
1558453518.534031, 60
1558453518.547820, 60
1558453518.561486, 61
1558453518.575083, 60
1558453518.588731, 60
1558453518.602271, 61
1558453518.616391, 62
1558453518.630049, 62
1558453518.643756, 61
1558453518.658162, 61
1558453518.671608, 62
1558453518.685290, 62
1558453518.699424, 62
1558453518.713160, 62
1558453518.727335, 63
1558453518.740857, 62
1558453518.753986, 61
1558453518.767499, 62
1558453518.780963, 61
1558453518.794365, 62
1558453518.809227, 62
1558453518.822538, 63
1558453518.836216, 62
1558453518.849895, 62
1558453518.864116, 60
1558453518.885076, 61
1558453518.902859, 63
1558453518.916537, 62
1558453518.930080, 62
1558453518.943791, 62
1558453518.957458, 63
1558453518.971028, 62
1558453518.985610, 63
1558453519.000200, 64
1558453519.013831, 63
1558453519.027443, 62
1558453519.041117, 63
1558453519.054736, 63
1558453519.068336, 62
1558453519.081977, 62
1558453519.095725, 64
1558453519.109371, 64
1558453519.123750, 63
1558453519.137299, 63
1558453519.151187, 63
1558453519.165181, 62
1558453519.178761, 62
1558453519.192206, 63
1558453519.206003, 64
1558453519.219902, 64
1558453519.234347, 63
1558453519.247921, 61
1558453519.261644, 63
1558453519.275315, 63
1558453519.288621, 64
1558453519.302786, 63
1558453519.316262, 65
1558453519.330070, 65
1558453519.343760, 64
1558453519.357658, 64
1558453519.371181, 63
1558453519.385710, 63
1558453519.399771, 64
1558453519.413750, 64
1558453519.427363, 65
1558453519.440834, 65
1558453519.461344, 63
1558453519.483744, 62
1558453519.504562, 64
1558453519.518512, 65
1558453519.531780, 65
1558453519.545531, 64
1558453519.559591, 63
1558453519.572940, 64
1558453519.586487, 63
1558453519.600609, 65
1558453519.614413, 66
1558453519.627878, 65
1558453519.642025, 64
1558453519.655715, 64
1558453519.669647, 64
1558453519.683788, 64
1558453519.697451, 66
1558453519.711256, 66
1558453519.725048, 65
1558453519.738686, 64
1558453519.752352, 65
1558453519.766028, 65
1558453519.779655, 64
1558453519.793436, 65
1558453519.807666, 65
1558453519.821009, 66
1558453519.834742, 65
1558453519.848369, 65
1558453519.861865, 64
1558453519.875613, 65
1558453519.889312, 65
1558453519.902842, 66
1558453519.916751, 65
1558453519.930625, 66
1558453519.944315, 66
1558453519.957939, 66
1558453519.971732, 66
1558453519.985443, 66
1558453519.998776, 67
1558453520.011902, 67
1558453520.025568, 66
1558453520.039389, 67
1558453520.053551, 65
1558453520.066843, 66
1558453520.080403, 65
1558453520.093960, 66
1558453520.107670, 67
1558453520.121282, 67
1558453520.135687, 66
1558453520.149247, 67
1558453520.162772, 65
1558453520.176664, 66
1558453520.190155, 65
1558453520.203233, 67
1558453520.217507, 66
1558453520.231965, 66
1558453520.245470, 66
1558453520.259711, 66
1558453520.274401, 65
1558453520.288471, 67
1558453520.301642, 67
1558453520.314949, 68
1558453520.328516, 68
1558453520.341771, 68
1558453520.356055, 67
1558453520.369925, 67
1558453520.383325, 66
1558453520.396751, 67
1558453520.411086, 68
1558453520.424757, 67
1558453520.438432, 67
1558453520.451794, 68
1558453520.465736, 67
1558453520.479269, 66
1558453520.493213, 67
1558453520.506946, 67
1558453520.520499, 68
1558453520.534186, 68
1558453520.547589, 68
1558453520.561849, 66
1558453520.575230, 67
1558453520.588772, 66
1558453520.602256, 68
1558453520.615682, 68
1558453520.629129, 69
1558453520.642476, 68
1558453520.656342, 69
1558453520.669589, 68
1558453520.683918, 68
1558453520.697928, 67
1558453520.711451, 68
1558453520.725518, 68
1558453520.738862, 69
1558453520.752297, 68
1558453520.765489, 67
1558453520.778804, 67
1558453520.792236, 68
1558453520.806698, 68
1558453520.820253, 69
1558453520.834909, 69
1558453520.848888, 69
1558453520.862167, 68
1558453520.875272, 68
1558453520.888970, 67
1558453520.902586, 69
1558453520.916332, 68
1558453520.929837, 69
1558453520.943588, 68
1558453520.957256, 69
1558453520.970673, 69
1558453520.984664, 68
1558453520.998221, 68
1558453521.011602, 70
1558453521.025619, 69
1558453521.038765, 69
1558453521.053234, 69
1558453521.067054, 69
1558453521.081140, 68
1558453521.094999, 68
1558453521.108587, 70
1558453521.122819, 70
1558453521.136684, 70
1558453521.150528, 70
1558453521.164394, 68
1558453521.178012, 68
1558453521.191988, 69
1558453521.205629, 70
1558453521.219903, 70
1558453521.233738, 70
1558453521.247244, 70
1558453521.260825, 70
1558453521.274365, 68
1558453521.287620, 69
1558453521.301303, 69
1558453521.315757, 70
1558453521.329070, 70
1558453521.342400, 70
1558453521.355945, 71
1558453521.370287, 69
1558453521.383935, 70
1558453521.397411, 70
1558453521.411159, 70
1558453521.424956, 69
1558453521.438382, 71
1558453521.451770, 70
1558453521.465751, 70
1558453521.479424, 70
1558453521.492942, 70
1558453521.506578, 69
1558453521.519927, 71
1558453521.534060, 71
1558453521.547914, 70
1558453521.561696, 71
1558453521.576140, 71
1558453521.589919, 71
1558453521.603519, 70
1558453521.617213, 71
1558453521.630078, 70
1558453521.643419, 71
1558453521.657443, 70
1558453521.670982, 71
1558453521.684695, 70
1558453521.697789, 70
1558453521.711147, 72
1558453521.724901, 72
1558453521.738314, 71
1558453521.752005, 71
1558453521.765653, 72
1558453521.779481, 71
1558453521.792768, 70
1558453521.806635, 70
1558453521.820063, 72
1558453521.833620, 71
1558453521.847065, 72
1558453521.860885, 72
1558453521.874874, 70
1558453521.888885, 71
1558453521.903252, 72
1558453521.916740, 72
1558453521.929868, 71
1558453521.943513, 72
1558453521.957724, 73
1558453521.971415, 72
1558453521.985659, 71
1558453522.000477, 71
1558453522.014402, 73
1558453522.028038, 72
1558453522.040914, 72
1558453522.054615, 73
1558453522.068787, 73
1558453522.082192, 71
1558453522.095726, 72
1558453522.109398, 72
1558453522.122939, 72
1558453522.136683, 71
1558453522.150434, 72
1558453522.164128, 73
1558453522.178143, 72
1558453522.191496, 71
1558453522.204747, 71
1558453522.218494, 72
1558453522.233186, 73
1558453522.246584, 73
1558453522.259814, 72
1558453522.273473, 73
1558453522.287785, 72
1558453522.301725, 71
1558453522.315696, 73
1558453522.329401, 72
1558453522.342730, 73
1558453522.356186, 73
1558453522.370021, 73
1558453522.384066, 71
1558453522.397657, 72
1558453522.411447, 71
1558453522.424930, 74
1558453522.438419, 73
1558453522.451877, 73
1558453522.465994, 73
1558453522.479091, 74
1558453522.492961, 72
1558453522.506592, 72
1558453522.520441, 72
1558453522.534649, 73
1558453522.548641, 74
1558453522.561939, 73
1558453522.575781, 72
1558453522.589103, 73
1558453522.602608, 73
1558453522.616390, 74
1558453522.630113, 73
1558453522.643553, 74
1558453522.657204, 74
1558453522.671108, 75
1558453522.684478, 73
1558453522.697618, 72
1558453522.711350, 72
1558453522.724829, 74
1558453522.738373, 74
1558453522.752026, 74
1558453522.765782, 73
1558453522.779438, 74
1558453522.793034, 74
1558453522.807729, 73
1558453522.821521, 75
1558453522.835004, 75
1558453522.848645, 75
1558453522.862698, 74
1558453522.876077, 75
1558453522.889681, 74
1558453522.902944, 74
1558453522.917536, 74
1558453522.931744, 74
1558453522.945142, 74
1558453522.959005, 75
1558453522.972252, 75
1558453522.986831, 76
1558453523.001292, 75
1558453523.014915, 75
1558453523.028688, 74
1558453523.041939, 76
1558453523.055623, 75
1558453523.068949, 75
1558453523.083440, 74
1558453523.097063, 75
1558453523.110678, 74
1558453523.124820, 75
1558453523.138299, 75
1558453523.152736, 77
1558453523.167503, 76
1558453523.184382, 76
1558453523.198584, 76
1558453523.212306, 75
1558453523.225727, 76
1558453523.239262, 76
1558453523.252748, 76
1558453523.266380, 77
1558453523.279705, 76
1558453523.293111, 76
1558453523.306905, 76
1558453523.320435, 75
1558453523.334188, 75
1558453523.347583, 76
1558453523.361401, 76
1558453523.374706, 77
1558453523.388293, 76
1558453523.401866, 75
1558453523.415641, 75
1558453523.429335, 77
1558453523.442948, 76
1558453523.456514, 76
1558453523.470077, 75
1558453523.483613, 76
1558453523.497704, 75
1558453523.511059, 74
1558453523.525059, 76
1558453523.538949, 76
1558453523.552460, 75
1558453523.566122, 77
1558453523.579951, 77
1558453523.594261, 76
1558453523.607769, 75
1558453523.621738, 76
1558453523.635050, 77
1558453523.649007, 77
1558453523.662645, 77
1558453523.676574, 76
1558453523.694906, 76
1558453523.712163, 75
1558453523.725501, 76
1558453523.739172, 77
1558453523.752713, 78
1558453523.767155, 77
1558453523.780702, 77
1558453523.794008, 76
1558453523.807843, 77
1558453523.821071, 78
1558453523.835659, 77
1558453523.849615, 76
1558453523.863243, 77
1558453523.877690, 76
1558453523.891361, 76
1558453523.904911, 76
1558453523.918644, 77
1558453523.932307, 77
1558453523.945657, 77
1558453523.959370, 78
1558453523.973731, 78
1558453523.987711, 78
1558453524.001306, 78
1558453524.015164, 76
1558453524.028611, 76
1558453524.041719, 78
1558453524.055703, 78
1558453524.069317, 77
1558453524.083177, 78
1558453524.096899, 78
1558453524.110554, 77
1558453524.124128, 78
1558453524.137580, 79
1558453524.151316, 79
1558453524.165390, 78
1558453524.178988, 78
1558453524.192340, 78
1558453524.205496, 78
1558453524.219463, 77
1558453524.233629, 77
1558453524.247422, 79
1558453524.261215, 79
1558453524.274572, 78
1558453524.288459, 78
1558453524.302194, 79
1558453524.317008, 77
1558453524.330882, 78
1558453524.344159, 79
1558453524.357262, 79
1558453524.371650, 79
1558453524.385808, 79
1558453524.399427, 78
1558453524.413622, 79
1558453524.427247, 77
1558453524.440836, 78
1558453524.454917, 79
1558453524.469209, 78
1558453524.483398, 78
1558453524.497445, 78
1558453524.510461, 79
1558453524.524317, 78
1558453524.537840, 78
1558453524.551786, 79
1558453524.565450, 79
1558453524.578911, 79
1558453524.592573, 78
1558453524.606414, 79
1558453524.620282, 79
1558453524.633603, 78
1558453524.647413, 77
1558453524.661278, 79
1558453524.674999, 80
1558453524.688473, 79
1558453524.701792, 78
1558453524.715909, 80
1558453524.729284, 79
1558453524.743447, 78
1558453524.757121, 78
1558453524.770412, 79
1558453524.783840, 80
1558453524.797486, 79
1558453524.810819, 79
1558453524.824493, 80
1558453524.837844, 78
1558453524.851496, 78
1558453524.865823, 78
1558453524.879577, 80
1558453524.893039, 80
1558453524.906307, 79
1558453524.919984, 79
1558453524.934125, 80
1558453524.947804, 79
1558453524.961105, 79
1558453524.975574, 80
1558453524.989401, 79
1558453525.003060, 81
1558453525.016960, 81
1558453525.030486, 80
1558453525.043729, 80
1558453525.057442, 80
1558453525.070693, 80
1558453525.084057, 80
1558453525.097596, 79
1558453525.111075, 81
1558453525.124593, 80
1558453525.138357, 80
1558453525.152014, 80
1558453525.166188, 81
1558453525.180092, 80
1558453525.193641, 79
1558453525.206963, 81
1558453525.220590, 80
1558453525.234600, 80
1558453525.248252, 79
1558453525.261599, 80
1558453525.275451, 81
1558453525.288842, 80
1558453525.302467, 81
1558453525.316410, 81
1558453525.330205, 82
1558453525.344413, 81
1558453525.358569, 80
1558453525.372288, 80
1558453525.385888, 81
1558453525.399646, 81
1558453525.413220, 80
1558453525.427107, 82
1558453525.440636, 81
1558453525.454193, 81
1558453525.467393, 80
1558453525.480932, 80
1558453525.495460, 81
1558453525.508720, 81
1558453525.521969, 81
1558453525.536009, 82
1558453525.549320, 81
1558453525.562998, 81
1558453525.576531, 81
1558453525.589751, 80
1558453525.603191, 82
1558453525.616871, 81
1558453525.630251, 80
1558453525.643625, 81
1558453525.657473, 82
1558453525.671865, 82
1558453525.685308, 81
1558453525.699236, 81
1558453525.712805, 82
1558453525.726486, 82
1558453525.740055, 82
1558453525.753892, 83
1558453525.768027, 82
1558453525.782156, 81
1558453525.796125, 81
1558453525.809531, 83
1558453525.823118, 83
1558453525.836864, 83
1558453525.850578, 82
1558453525.864319, 82
1558453525.877894, 82
1558453525.891544, 82
1558453525.905789, 81
1558453525.919614, 83
1558453525.933424, 82
1558453525.948030, 82
1558453525.962283, 82
1558453525.975526, 83
1558453525.989572, 83
1558453526.003999, 83
1558453526.017295, 83
1558453526.031404, 83
1558453526.044945, 82
1558453526.058527, 82
1558453526.071670, 82
1558453526.085302, 81
1558453526.099034, 83
1558453526.112236, 82
1558453526.125580, 82
1558453526.138912, 83
1558453526.153228, 84
1558453526.167691, 83
1558453526.181680, 82
1558453526.195054, 83
1558453526.208616, 84
1558453526.222220, 83
1558453526.235599, 83
1558453526.249310, 83
1558453526.262689, 84
1558453526.276310, 84
1558453526.289849, 81
1558453526.303954, 83
1558453526.317321, 83
1558453526.331372, 82
1558453526.345000, 83
1558453526.358369, 84
1558453526.373257, 84
1558453526.386665, 82
1558453526.400565, 83
1558453526.414210, 84
1558453526.428002, 83
1558453526.441258, 83
1558453526.455361, 83
1558453526.468981, 84
1558453526.482628, 84
1558453526.497247, 84
1558453526.510693, 84
1558453526.524301, 83
1558453526.537705, 84
1558453526.551166, 83
1558453526.564767, 84
1558453526.578554, 84
1558453526.592410, 85
1558453526.605924, 84
1558453526.619962, 85
1558453526.633697, 85
1558453526.647548, 84
1558453526.661273, 84
1558453526.675630, 84
1558453526.689410, 84
1558453526.703095, 84
1558453526.716666, 84
1558453526.730273, 84
1558453526.743999, 85
1558453526.757503, 84
1558453526.770870, 84
1558453526.784609, 85
1558453526.798192, 85
1558453526.811839, 84
1558453526.825531, 84
1558453526.839533, 84
1558453526.853231, 84
1558453526.867064, 85
1558453526.881122, 84
1558453526.894135, 84
1558453526.907515, 85
1558453526.920916, 85
1558453526.934873, 84
1558453526.948351, 84
1558453526.962181, 85
1558453526.976385, 85
1558453526.989957, 85
1558453527.003850, 86
1558453527.017785, 85
1558453527.031363, 86
1558453527.045144, 86
1558453527.058505, 86
1558453527.072182, 85
1558453527.086550, 86
1558453527.100337, 85
1558453527.113972, 85
1558453527.127683, 86
1558453527.141800, 85
1558453527.155540, 85
1558453527.169128, 85
1558453527.182681, 86
1558453527.196333, 85
1558453527.209726, 85
1558453527.223567, 85
1558453527.237212, 86
1558453527.250983, 86
1558453527.264414, 85
1558453527.277895, 85
1558453527.291651, 86
1558453527.305310, 85
1558453527.318918, 85
1558453527.333886, 86
1558453527.348066, 86
1558453527.362162, 86
1558453527.375822, 84
1558453527.389762, 85
1558453527.403443, 86
1558453527.417239, 86
1558453527.431073, 87
1558453527.445462, 87
1558453527.459587, 87
1558453527.472901, 86
1558453527.486716, 86
1558453527.500246, 87
1558453527.513921, 86
1558453527.527397, 86
1558453527.541403, 87
1558453527.555218, 86
1558453527.569003, 87
1558453527.582564, 87
1558453527.596384, 85
1558453527.609789, 86
1558453527.623536, 87
1558453527.636494, 86
1558453527.650726, 87
1558453527.664555, 86
1558453527.678482, 87
1558453527.691872, 86
1558453527.705365, 86
1558453527.718845, 87
1558453527.732375, 86
1558453527.745582, 86
1558453527.759126, 87
1558453527.772699, 86
1558453527.786441, 87
1558453527.800115, 86
1558453527.813638, 87
1558453527.827365, 87
1558453527.841120, 86
1558453527.854204, 87
1558453527.867844, 88
1558453527.881681, 88
1558453527.895374, 87
1558453527.908715, 87
1558453527.922352, 88
1558453527.935903, 88
1558453527.949334, 88
1558453527.963187, 88
1558453527.976464, 88
1558453527.990360, 87
1558453528.003823, 88
1558453528.017530, 87
1558453528.031008, 88
1558453528.044481, 88
1558453528.058326, 88
1558453528.071772, 88
1558453528.084936, 88
1558453528.098447, 88
1558453528.112045, 88
1558453528.126103, 88
1558453528.139612, 88
1558453528.154224, 88
1558453528.167654, 87
1558453528.181984, 87
1558453528.198554, 86
1558453528.212287, 87
1558453528.229816, 86
1558453528.244404, 88
1558453528.258017, 87
1558453528.271616, 88
1558453528.285448, 87
1558453528.298851, 89
1558453528.312675, 90
1558453528.326213, 89
1558453528.339983, 88
1558453528.353547, 89
1558453528.367439, 89
1558453528.380854, 89
1558453528.394341, 88
1558453528.407942, 90
1558453528.421410, 88
1558453528.435332, 89
1558453528.448428, 88
1558453528.462229, 89
1558453528.476284, 89
1558453528.489715, 89
1558453528.502926, 89
1558453528.516610, 89
1558453528.530910, 89
1558453528.544437, 88
1558453528.558398, 88
1558453528.571751, 89
1558453528.585706, 88
1558453528.599185, 89
1558453528.612650, 88
1558453528.626125, 89
1558453528.639726, 89
1558453528.653514, 89
1558453528.667347, 89
1558453528.682440, 89
1558453528.697095, 89
1558453528.713270, 89
1558453528.727329, 89
1558453528.741324, 89
1558453528.754959, 89
1558453528.768097, 90
1558453528.781727, 90
1558453528.795596, 90
1558453528.809363, 90
1558453528.823497, 90
1558453528.838485, 90
1558453528.852477, 90
1558453528.866210, 89
1558453528.879666, 89
1558453528.893310, 90
1558453528.907959, 90
1558453528.921534, 89
1558453528.935290, 89
1558453528.948346, 90
1558453528.962584, 89
1558453528.976238, 90
1558453528.990072, 90
1558453529.003636, 89
1558453529.017662, 89
1558453529.031367, 90
1558453529.044911, 90
1558453529.058352, 89
1558453529.071987, 89
1558453529.085677, 90
1558453529.099291, 89
1558453529.113780, 90
1558453529.127402, 89
1558453529.141133, 89
1558453529.155379, 90
1558453529.168397, 89
1558453529.182138, 89
1558453529.195813, 91
1558453529.209529, 91
1558453529.223367, 91
1558453529.237382, 91
1558453529.250916, 91
1558453529.264145, 91
1558453529.277809, 91
1558453529.291461, 90
1558453529.305020, 89
1558453529.318698, 91
1558453529.332396, 90
1558453529.346110, 90
1558453529.359811, 89
1558453529.373091, 91
1558453529.386618, 91
1558453529.400252, 90
1558453529.413708, 90
1558453529.427200, 91
1558453529.441122, 91
1558453529.455442, 91
1558453529.469063, 90
1558453529.482547, 90
1558453529.496079, 91
1558453529.509854, 91
1558453529.523511, 91
1558453529.537641, 90
1558453529.552341, 91
1558453529.565831, 90
1558453529.579803, 90
1558453529.593555, 91
1558453529.606565, 90
1558453529.619958, 90
1558453529.633370, 91
1558453529.646850, 91
1558453529.660503, 91
1558453529.674257, 91
1558453529.687712, 92
1558453529.701834, 92
1558453529.715531, 92
1558453529.729207, 91
1558453529.743796, 91
1558453529.757220, 92
1558453529.771116, 92
1558453529.785104, 92
1558453529.799099, 92
1558453529.813311, 93
1558453529.826877, 92
1558453529.841377, 91
1558453529.855406, 92
1558453529.869610, 91
1558453529.883061, 92
1558453529.896570, 92
1558453529.910131, 92
1558453529.923799, 91
1558453529.937325, 92
1558453529.950672, 92
1558453529.964555, 91
1558453529.978261, 91
1558453529.992162, 92
1558453530.006646, 92
1558453530.020626, 93
1558453530.034477, 92
1558453530.048353, 92
1558453530.061838, 92
1558453530.075589, 91
1558453530.089390, 92
1558453530.102784, 93
1558453530.116660, 93
1558453530.130146, 92
1558453530.143870, 93
1558453530.157534, 93
1558453530.172096, 93
1558453530.185638, 92
1558453530.199042, 92
1558453530.212747, 93
1558453530.226695, 94
1558453530.240366, 93
1558453530.254799, 93
1558453530.268670, 93
1558453530.282204, 92
1558453530.295809, 92
1558453530.309699, 93
1558453530.323279, 93
1558453530.336664, 93
1558453530.351145, 93
1558453530.365135, 92
1558453530.378739, 93
1558453530.392472, 93
1558453530.406284, 92
1558453530.419732, 94
1558453530.433532, 93
1558453530.447226, 93
1558453530.461070, 92
1558453530.474621, 92
1558453530.488234, 92
1558453530.502029, 93
1558453530.515847, 93
1558453530.530147, 94
1558453530.543839, 93
1558453530.557819, 93
1558453530.571370, 94
1558453530.585095, 94
1558453530.598655, 94
1558453530.612259, 93
1558453530.625709, 95
1558453530.638865, 94
1558453530.652599, 93
1558453530.666007, 93
1558453530.679345, 94
1558453530.692770, 93
1558453530.706867, 93
1558453530.720549, 94
1558453530.734228, 93
1558453530.748043, 94
1558453530.761496, 94
1558453530.774727, 93
1558453530.788160, 93
1558453530.801475, 94
1558453530.814885, 95
1558453530.829394, 95
1558453530.842842, 93
1558453530.856062, 94
1558453530.869491, 93
1558453530.882549, 94
1558453530.896513, 94
1558453530.909437, 94
1558453530.922984, 94
1558453530.936301, 94
1558453530.949638, 94
1558453530.963616, 94
1558453530.977132, 93
1558453530.990622, 93
1558453531.004108, 94
1558453531.017422, 93
1558453531.030740, 96
1558453531.044632, 94
1558453531.057816, 94
1558453531.071086, 95
1558453531.085021, 95
1558453531.098673, 94
1558453531.112323, 94
1558453531.125796, 96
1558453531.139367, 94
1558453531.152573, 94
1558453531.166091, 94
1558453531.179954, 95
1558453531.193533, 94
1558453531.207013, 94
1558453531.221299, 95
1558453531.234828, 96
1558453531.248607, 95
1558453531.262081, 94
1558453531.275842, 94
1558453531.289326, 95
1558453531.303128, 96
1558453531.316425, 95
1558453531.330648, 96
1558453531.345011, 95
1558453531.358611, 96
1558453531.371722, 95
1558453531.385274, 94
1558453531.399076, 95
1558453531.412866, 96
1558453531.426628, 96
1558453531.440162, 95
1558453531.453689, 94
1558453531.467404, 96
1558453531.481145, 95
1558453531.495099, 95
1558453531.508940, 96
1558453531.523568, 97
1558453531.537492, 97
1558453531.551189, 95
1558453531.565548, 95
1558453531.579276, 95
1558453531.593439, 95
1558453531.607109, 96
1558453531.620834, 96
1558453531.634468, 96
1558453531.648161, 95
1558453531.662118, 96
1558453531.675985, 96
1558453531.689639, 95
1558453531.703181, 95
1558453531.717390, 96
1558453531.731011, 97
1558453531.755975, 95
1558453531.769419, 96
1558453531.783200, 96
1558453531.796496, 95
1558453531.810189, 97
1558453531.823629, 96
1558453531.837366, 97
1558453531.851911, 97
1558453531.865617, 96
1558453531.879416, 96
1558453531.893167, 96
1558453531.906877, 96
1558453531.920466, 96
1558453531.934148, 97
1558453531.947157, 97
1558453531.961212, 96
1558453531.975833, 96
1558453531.989519, 96
1558453532.003015, 96
1558453532.016537, 97
1558453532.029970, 98
1558453532.043891, 97
1558453532.057864, 96
1558453532.071677, 97
1558453532.085375, 96
1558453532.098919, 97
1558453532.112752, 97
1558453532.126118, 97
1558453532.139854, 97
1558453532.153380, 97
1558453532.167136, 97
1558453532.181125, 96
1558453532.195304, 96
1558453532.209428, 96
1558453532.222981, 96
1558453532.237495, 99
1558453532.250931, 99
1558453532.264465, 96
1558453532.278490, 96
1558453532.291776, 97
1558453532.306155, 97
1558453532.319587, 97
1558453532.333146, 97
1558453532.346480, 99
1558453532.360057, 97
1558453532.373562, 96
1558453532.386825, 97
1558453532.400240, 97
1558453532.413345, 97
1558453532.426886, 97
1558453532.439919, 97
1558453532.453646, 98
1558453532.467450, 98
1558453532.480511, 98
1558453532.494078, 97
1558453532.507542, 98
1558453532.521459, 98
1558453532.535122, 99
1558453532.548693, 98
1558453532.562067, 97
1558453532.576599, 97
1558453532.589898, 98
1558453532.603105, 98
1558453532.617019, 98
1558453532.630395, 98
1558453532.643950, 99
1558453532.658093, 97
1558453532.671458, 98
1558453532.685115, 98
1558453532.699115, 98
1558453532.712916, 98
1558453532.727489, 99
1558453532.741976, 99
1558453532.755605, 99
1558453532.768944, 97
1558453532.782323, 99
1558453532.795983, 98
1558453532.810022, 98
1558453532.823596, 97
1558453532.837112, 100
1558453532.850548, 100
1558453532.864243, 97
1558453532.878471, 97
1558453532.892066, 99
1558453532.905917, 98
1558453532.919213, 98
1558453532.933217, 98
1558453532.946815, 100
1558453532.960555, 98
1558453532.974138, 99
1558453532.987787, 98
1558453533.001154, 99
1558453533.014714, 98
1558453533.028377, 98
1558453533.041675, 99
1558453533.055618, 100
1558453533.069601, 98
1558453533.083252, 99
1558453533.097056, 98
1558453533.110454, 99
1558453533.124183, 98
1558453533.137556, 100
1558453533.151703, 100
1558453533.165474, 99
1558453533.179194, 98
1558453533.193527, 98
1558453533.207288, 99
1558453533.221043, 99
1558453533.234494, 99
1558453533.248275, 98
1558453533.262418, 99
1558453533.276642, 99
1558453533.290241, 98
1558453533.303876, 98
1558453533.318160, 98
1558453533.331878, 99
1558453533.345908, 99
1558453533.359797, 99
1558453533.373983, 97
1558453533.387382, 99
1558453533.401124, 99
1558453533.414822, 98
1558453533.428313, 97
1558453533.441886, 100
1558453533.455592, 99
1558453533.469287, 98
1558453533.482942, 98
1558453533.496684, 98
1558453533.510675, 98
1558453533.524456, 99
1558453533.537866, 100
1558453533.551367, 99
1558453533.564798, 99
1558453533.578309, 98
1558453533.592107, 97
1558453533.605397, 97
1558453533.619753, 97
1558453533.633453, 98
1558453533.646803, 98
1558453533.660782, 98
1558453533.674459, 96
1558453533.688168, 97
1558453533.701765, 96
1558453533.715487, 95
1558453533.729274, 89
1558453533.742785, 85
1558453533.756082, 79
1558453533.769646, 73
1558453533.783300, 67
1558453533.796941, 61
1558453533.810340, 55
1558453533.824073, 50
1558453533.837721, 48
1558453533.851226, 45
1558453533.864848, 46
1558453533.878754, 47
1558453533.892685, 46
1558453533.906316, 47
1558453533.919704, 46
1558453533.933674, 48
1558453533.947135, 48
1558453533.960638, 46
1558453533.974649, 46
1558453533.988040, 48
1558453534.001846, 47
1558453534.015302, 48
1558453534.029236, 48
1558453534.042938, 49
1558453534.057541, 47
1558453534.070926, 47
1558453534.084442, 48
1558453534.097896, 47
1558453534.111386, 47
1558453534.124691, 48
1558453534.137981, 47
1558453534.151337, 50
1558453534.164846, 48
1558453534.178301, 47
1558453534.191646, 47
1558453534.205267, 49
1558453534.218603, 48
1558453534.232410, 48
1558453534.246120, 50
1558453534.259861, 49
1558453534.273276, 48
1558453534.287034, 48
1558453534.300379, 49
1558453534.314137, 49
1558453534.327671, 48
1558453534.341443, 49
1558453534.354574, 50
1558453534.368711, 50
1558453534.383447, 50
1558453534.396882, 49
1558453534.410777, 48
1558453534.425413, 50
1558453534.438824, 49
1558453534.453037, 50
1558453534.467820, 49
1558453534.481953, 49
1558453534.495799, 48
1558453534.509509, 50
1558453534.522757, 49
1558453534.536044, 49
1558453534.549866, 49
1558453534.563363, 50
1558453534.576851, 49
1558453534.590494, 49
1558453534.603855, 49
1558453534.617687, 50
1558453534.631512, 49
1558453534.644893, 50
1558453534.658778, 50
1558453534.672327, 50
1558453534.686188, 50
1558453534.699351, 50
1558453534.713440, 50
1558453534.726616, 49
1558453534.739990, 50
1558453534.753376, 51
1558453534.766806, 50
1558453534.780350, 50
1558453534.793668, 51
1558453534.807324, 50
1558453534.820670, 50
1558453534.834269, 51
1558453534.847970, 52
1558453534.861842, 51
1558453534.875403, 50
1558453534.889110, 50
1558453534.902780, 51
1558453534.916279, 51
1558453534.929894, 51
1558453534.943846, 50
1558453534.957508, 52
1558453534.970930, 52
1558453534.984402, 51
1558453534.998244, 50
1558453535.011659, 50
1558453535.025089, 51
1558453535.039515, 51
1558453535.053129, 52
1558453535.066410, 53
1558453535.079903, 51
1558453535.093443, 51
1558453535.107573, 51
1558453535.121397, 51
1558453535.135212, 51
1558453535.148697, 51
1558453535.162281, 53
1558453535.175928, 52
1558453535.189948, 52
1558453535.203502, 52
1558453535.217281, 51
1558453535.230636, 52
1558453535.244771, 52
1558453535.258955, 53
1558453535.272713, 52
1558453535.286213, 53
1558453535.301082, 53
1558453535.314504, 53
1558453535.328273, 53
1558453535.342905, 53
1558453535.355965, 53
1558453535.369426, 54
1558453535.383052, 53
1558453535.396952, 52
1558453535.410889, 52
1558453535.424598, 52
1558453535.438189, 53
1558453535.451859, 55
1558453535.465581, 54
1558453535.479909, 52
1558453535.493640, 52
1558453535.507392, 53
1558453535.520852, 53
1558453535.534462, 53
1558453535.548234, 53
1558453535.561835, 55
1558453535.575136, 54
1558453535.588596, 53
1558453535.602297, 54
1558453535.615994, 53
1558453535.629300, 53
1558453535.643282, 53
1558453535.656938, 55
1558453535.670636, 54
1558453535.684784, 53
1558453535.698449, 53
1558453535.711849, 54
1558453535.725951, 55
1558453535.739973, 54
1558453535.753329, 53
1558453535.766795, 54
1558453535.780383, 55
1558453535.793884, 54
1558453535.807780, 54
1558453535.822154, 54
1558453535.835997, 54
1558453535.849511, 54
1558453535.862900, 56
1558453535.876554, 56
1558453535.889987, 54
1558453535.903814, 55
1558453535.916993, 55
1558453535.930915, 54
1558453535.944946, 54
1558453535.958599, 55
1558453535.972136, 56
1558453535.985775, 55
1558453535.999649, 56
1558453536.013367, 55
1558453536.028033, 55
1558453536.041702, 55
1558453536.055493, 56
1558453536.069224, 56
1558453536.082667, 54
1558453536.096505, 55
1558453536.110171, 56
1558453536.123560, 55
1558453536.137249, 54
1558453536.150717, 56
1558453536.164495, 57
1558453536.178123, 56
1558453536.191918, 56
1558453536.206264, 56
1558453536.219528, 56
1558453536.232967, 55
1558453536.246793, 56
1558453536.260102, 56
1558453536.273739, 57
1558453536.287403, 57
1558453536.301077, 55
1558453536.314421, 57
1558453536.328147, 57
1558453536.341801, 56
1558453536.355410, 56
1558453536.370089, 58
1558453536.383713, 57
1558453536.397271, 56
1558453536.410976, 55
1558453536.424621, 57
1558453536.437865, 56
1558453536.451485, 56
1558453536.465643, 57
1558453536.479229, 58
1558453536.492974, 56
1558453536.506413, 56
1558453536.520320, 56
1558453536.534313, 57
1558453536.548023, 57
1558453536.561111, 57
1558453536.575177, 58
1558453536.589062, 58
1558453536.602701, 57
1558453536.617364, 57
1558453536.630546, 57
1558453536.643934, 58
1558453536.658064, 58
1558453536.671698, 58
1558453536.685266, 58
1558453536.698987, 58
1558453536.712846, 57
1558453536.726445, 57
1558453536.740946, 57
1558453536.754410, 58
1558453536.767541, 59
1558453536.781115, 58
1558453536.794457, 57
1558453536.808590, 58
1558453536.822302, 58
1558453536.836524, 57
1558453536.850241, 57
1558453536.863688, 59
1558453536.877284, 58
1558453536.890766, 60
1558453536.904699, 58
1558453536.918279, 58
1558453536.932770, 59
1558453536.946987, 58
1558453536.960622, 58
1558453536.974487, 60
1558453536.988381, 60
1558453537.001870, 58
1558453537.015401, 57
1558453537.029272, 59
1558453537.042528, 58
1558453537.056233, 58
1558453537.070284, 60
1558453537.084092, 60
1558453537.097790, 59
1558453537.111623, 58
1558453537.125413, 59
1558453537.139459, 59
1558453537.152418, 58
1558453537.165647, 59
1558453537.179496, 59
1558453537.193076, 61
1558453537.206800, 60
1558453537.220244, 59
1558453537.233772, 59
1558453537.247349, 60
1558453537.261241, 60
1558453537.276823, 60
1558453537.291703, 61
1558453537.305456, 59
1558453537.319125, 59
1558453537.332983, 59
1558453537.346555, 60
1558453537.359967, 59
1558453537.373602, 61
1558453537.386687, 60
1558453537.400259, 60
1558453537.413287, 60
1558453537.426867, 60
1558453537.440646, 58
1558453537.454859, 59
1558453537.468221, 61
1558453537.482230, 60
1558453537.495681, 61
1558453537.509342, 61
1558453537.523000, 61
1558453537.537050, 61
1558453537.550268, 60
1558453537.564092, 62
1558453537.577043, 61
1558453537.590966, 62
1558453537.604078, 60
1558453537.617491, 61
1558453537.631112, 60
1558453537.644597, 60
1558453537.659192, 60
1558453537.673176, 61
1558453537.686209, 62
1558453537.699618, 61
1558453537.713213, 60
1558453537.726456, 61
1558453537.740078, 60
1558453537.753489, 61
1558453537.767079, 61
1558453537.780896, 61
1558453537.794093, 62
1558453537.808490, 60
1558453537.822547, 61
1558453537.836085, 61
1558453537.849788, 61
1558453537.863113, 61
1558453537.877211, 61
1558453537.891094, 63
1558453537.905353, 63
1558453537.918638, 61
1558453537.931991, 61
1558453537.945793, 61
1558453537.959435, 61
1558453537.973438, 63
1558453537.986906, 62
1558453538.000415, 62
1558453538.013738, 62
1558453538.027341, 62
1558453538.041189, 61
1558453538.055161, 62
1558453538.069296, 62
1558453538.082871, 62
1558453538.096409, 62
1558453538.110042, 62
1558453538.123776, 62
1558453538.136875, 63
1558453538.150023, 62
1558453538.163445, 63
1558453538.177124, 64
1558453538.190671, 63
1558453538.204356, 63
1558453538.218886, 62
1558453538.232625, 63
1558453538.246384, 63
1558453538.259629, 62
1558453538.273650, 63
1558453538.287905, 63
1558453538.301427, 63
1558453538.315138, 63
1558453538.330176, 62
1558453538.343655, 63
1558453538.357343, 62
1558453538.370827, 64
1558453538.384858, 64
1558453538.398185, 64
1558453538.412051, 62
1558453538.425777, 63
1558453538.439851, 63
1558453538.453327, 64
1558453538.466428, 63
1558453538.479927, 64
1558453538.495089, 65
1558453538.508811, 66
1558453538.523627, 65
1558453538.542137, 65
1558453538.559626, 65
1558453538.575546, 66
1558453538.592142, 65
1558453538.606274, 66
1558453538.624667, 65
1558453538.640501, 64
1558453538.655893, 64
1558453538.670409, 65
1558453538.684634, 64
1558453538.697808, 65
1558453538.711796, 64
1558453538.725676, 63
1558453538.740242, 62
1558453538.753407, 64
1558453538.766979, 63
1558453538.780110, 65
1558453538.794415, 66
1558453538.807643, 66
1558453538.821781, 64
1558453538.835103, 65
1558453538.848859, 64
1558453538.862682, 65
1558453538.875832, 66
1558453538.889043, 66
1558453538.902463, 65
1558453538.916088, 64
1558453538.929533, 65
1558453538.942892, 65
1558453538.956947, 64
1558453538.970355, 65
1558453538.983641, 66
1558453538.997323, 66
1558453539.010580, 65
1558453539.025264, 65
1558453539.039903, 65
1558453539.053528, 65
1558453539.066636, 64
1558453539.080157, 66
1558453539.093668, 66
1558453539.106705, 65
1558453539.120028, 66
1558453539.133770, 64
1558453539.147027, 66
1558453539.160905, 66
1558453539.174558, 66
1558453539.188362, 65
1558453539.201592, 67
1558453539.215932, 66
1558453539.229247, 65
1558453539.243025, 64
1558453539.256563, 66
1558453539.270254, 67
1558453539.283502, 66
1558453539.296566, 67
1558453539.310302, 67
1558453539.323863, 67
1558453539.336970, 65
1558453539.350100, 65
1558453539.363021, 66
1558453539.376017, 66
1558453539.389514, 67
1558453539.403316, 67
1558453539.417177, 66
1558453539.430994, 65
1558453539.444423, 66
1558453539.457981, 66
1558453539.471829, 67
1558453539.485288, 67
1558453539.498974, 67
1558453539.513292, 67
1558453539.527145, 66
1558453539.541244, 67
1558453539.555273, 66
1558453539.568737, 66
1558453539.582208, 67
1558453539.595804, 68
1558453539.609651, 67
1558453539.623593, 68
1558453539.637243, 67
1558453539.651574, 66
1558453539.665044, 66
1558453539.678665, 68
1558453539.692565, 67
1558453539.706892, 68
1558453539.721237, 68
1558453539.734653, 67
1558453539.748206, 66
1558453539.761512, 66
1558453539.775857, 67
1558453539.789612, 68
1558453539.802992, 68
1558453539.816475, 69
1558453539.830018, 68
1558453539.843501, 68
1558453539.858074, 68
1558453539.871906, 68
1558453539.884934, 68
1558453539.898435, 69
1558453539.912182, 69
1558453539.928903, 68
1558453539.942750, 67
1558453539.956745, 68
1558453539.970417, 67
1558453539.984057, 69
1558453539.997955, 70
1558453540.011333, 69
1558453540.024783, 68
1558453540.038456, 68
1558453540.052501, 69
1558453540.065894, 68
1558453540.079758, 68
1558453540.093360, 69
1558453540.106927, 69
1558453540.120674, 69
1558453540.134031, 67
1558453540.147595, 69
1558453540.161163, 69
1558453540.174706, 70
1558453540.188363, 69
1558453540.201938, 69
1558453540.215037, 69
1558453540.228787, 69
1558453540.242386, 69
1558453540.256124, 69
1558453540.269752, 69
1558453540.283579, 70
1558453540.297241, 70
1558453540.310681, 70
1558453540.324106, 70
1558453540.338107, 69
1558453540.351963, 68
1558453540.365476, 69
1558453540.379391, 71
1558453540.392790, 69
1558453540.406612, 69
1558453540.420086, 70
1558453540.434213, 69
1558453540.447976, 69
1558453540.461774, 69
1558453540.475662, 68
1558453540.489538, 69
1558453540.503051, 71
1558453540.516574, 71
1558453540.530347, 70
1558453540.543802, 70
1558453540.558251, 69
1558453540.571683, 70
1558453540.585526, 71
1558453540.599403, 71
1558453540.613748, 71
1558453540.627540, 70
1558453540.641073, 69
1558453540.655023, 69
1558453540.668285, 70
1558453540.682204, 71
1558453540.695800, 70
1558453540.709768, 71
1558453540.724533, 71
1558453540.738752, 70
1558453540.752958, 70
1558453540.766733, 70
1558453540.780109, 70
1558453540.793515, 71
1558453540.808533, 72
1558453540.823896, 71
1558453540.837857, 71
1558453540.850933, 69
1558453540.864115, 71
1558453540.877897, 70
1558453540.891349, 72
1558453540.905743, 72
1558453540.919295, 71
1558453540.933014, 70
1558453540.947764, 70
1558453540.961267, 70
1558453540.975455, 70
1558453540.989680, 70
1558453541.003084, 72
1558453541.016518, 71
1558453541.030112, 71
1558453541.044369, 70
1558453541.057800, 71
1558453541.071339, 71
1558453541.084941, 72
1558453541.098438, 71
1558453541.112176, 72
1558453541.125667, 71
1558453541.139124, 72
1558453541.153518, 70
1558453541.167159, 70
1558453541.181151, 70
1558453541.194542, 72
1558453541.208179, 71
1558453541.221863, 72
1558453541.235914, 73
1558453541.249627, 72
1558453541.263059, 70
1558453541.276726, 71
1558453541.290480, 73
1558453541.304256, 72
1558453541.317841, 73
1558453541.331355, 72
1558453541.345195, 73
1558453541.358987, 71
1558453541.372534, 72
1558453541.386252, 73
1558453541.399873, 72
1558453541.413726, 73
1558453541.427404, 73
1558453541.440826, 73
1558453541.455504, 71
1558453541.469100, 72
1558453541.482805, 71
1558453541.496603, 73
1558453541.509994, 73
1558453541.523882, 73
1558453541.537710, 73
1558453541.551203, 73
1558453541.564759, 72
1558453541.578498, 73
1558453541.592132, 74
1558453541.606332, 75
1558453541.619948, 75
1558453541.633967, 74
1558453541.647820, 74
1558453541.661304, 73
1558453541.675008, 74
1558453541.688686, 74
1558453541.702237, 74
1558453541.715748, 74
1558453541.729229, 75
1558453541.743340, 73
1558453541.757051, 73
1558453541.771190, 73
1558453541.784472, 73
1558453541.798107, 74
1558453541.811604, 74
1558453541.824693, 73
1558453541.838361, 75
1558453541.852315, 74
1558453541.865847, 73
1558453541.879506, 72
1558453541.892911, 73
1558453541.906859, 75
1558453541.920183, 74
1558453541.934658, 74
1558453541.948805, 74
1558453541.962436, 73
1558453541.976155, 74
1558453541.989950, 75
1558453542.003568, 75
1558453542.017122, 74
1558453542.030886, 74
1558453542.044491, 75
1558453542.058142, 74
1558453542.071708, 73
1558453542.085724, 73
1558453542.099369, 75
1558453542.113098, 75
1558453542.126703, 74
1558453542.140439, 74
1558453542.153898, 75
1558453542.167564, 74
1558453542.180900, 74
1558453542.194161, 74
1558453542.207940, 75
1558453542.222199, 76
1558453542.235807, 75
1558453542.249551, 74
1558453542.263244, 74
1558453542.277069, 75
1558453542.290523, 75
1558453542.304247, 74
1558453542.317975, 74
1558453542.331745, 76
1558453542.345194, 75
1558453542.358946, 75
1558453542.373167, 74
1558453542.386312, 75
1558453542.399744, 75
1558453542.413535, 75
1558453542.427279, 75
1558453542.440920, 76
1558453542.454628, 76
1558453542.468304, 74
1558453542.481502, 74
1558453542.495269, 76
1558453542.509435, 76
1558453542.522922, 76
1558453542.537002, 76
1558453542.551051, 77
1558453542.565385, 75
1558453542.578815, 74
1558453542.592507, 76
1558453542.605759, 75
1558453542.619202, 75
1558453542.632664, 76
1558453542.646165, 76
1558453542.659774, 77
1558453542.673613, 75
1558453542.687060, 75
1558453542.700832, 76
1558453542.714630, 77
1558453542.728339, 76
1558453542.742791, 76
1558453542.756272, 77
1558453542.770090, 75
1558453542.783628, 75
1558453542.797361, 76
1558453542.810649, 77
1558453542.824384, 76
1558453542.837322, 76
1558453542.851061, 76
1558453542.865007, 77
1558453542.878416, 75
1558453542.891985, 75
1558453542.906694, 77
1558453542.920982, 76
1558453542.934677, 78
1558453542.947908, 77
1558453542.961128, 76
1558453542.974678, 76
1558453542.987883, 77
1558453543.001645, 77
1558453543.015608, 76
1558453543.028862, 77
1558453543.042049, 78
1558453543.055136, 77
1558453543.068834, 77
1558453543.082058, 75
1558453543.095458, 77
1558453543.109319, 78
1558453543.122626, 78
1558453543.136467, 78
1558453543.150739, 78
1558453543.164552, 77
1558453543.178054, 76
1558453543.191951, 77
1558453543.205574, 78
1558453543.219275, 77
1558453543.233725, 78
1558453543.247663, 77
1558453543.261933, 78
1558453543.275639, 77
1558453543.289222, 77
1558453543.302656, 78
1558453543.316210, 79
1558453543.330296, 78
1558453543.345310, 77
1558453543.359981, 78
1558453543.373705, 79
1558453543.387735, 77
1558453543.401776, 77
1558453543.415184, 79
1558453543.429188, 79
1558453543.442609, 78
1558453543.456121, 77
1558453543.469789, 79
1558453543.485536, 78
1558453543.499097, 76
1558453543.512511, 78
1558453543.526171, 78
1558453543.539811, 78
1558453543.553663, 79
1558453543.566892, 79
1558453543.580456, 79
1558453543.595158, 77
1558453543.608939, 78
1558453543.622843, 79
1558453543.637011, 78
1558453543.650575, 78
1558453543.664151, 79
1558453543.677985, 79
1558453543.691359, 79
1558453543.705017, 78
1558453543.718950, 78
1558453543.732706, 79
1558453543.747275, 80
1558453543.760930, 79
1558453543.774286, 78
1558453543.788700, 78
1558453543.802481, 80
1558453543.816185, 79
1558453543.829666, 79
1558453543.843095, 78
1558453543.856844, 80
1558453543.870660, 80
1558453543.884223, 79
1558453543.898170, 80
1558453543.911761, 78
1558453543.925678, 78
1558453543.939103, 80
1558453543.953043, 80
1558453543.966607, 79
1558453543.980152, 79
1558453543.993807, 79
1558453544.006960, 79
1558453544.020476, 79
1558453544.034058, 79
1558453544.047676, 80
1558453544.061385, 79
1558453544.075385, 80
1558453544.089020, 79
1558453544.102312, 80
1558453544.116193, 79
1558453544.129464, 80
1558453544.142829, 80
1558453544.156308, 80
1558453544.170032, 81
1558453544.184840, 81
1558453544.197828, 80
1558453544.211332, 80
1558453544.225392, 80
1558453544.239021, 80
1558453544.252597, 80
1558453544.266126, 80
1558453544.280158, 80
1558453544.293716, 81
1558453544.307527, 81
1558453544.320542, 81
1558453544.333955, 79
1558453544.347512, 80
1558453544.361052, 81
1558453544.374442, 80
1558453544.388255, 80
1558453544.402031, 81
1558453544.415615, 80
1558453544.429380, 80
1558453544.442705, 79
1558453544.456671, 80
1558453544.470529, 81
1558453544.484133, 81
1558453544.497778, 81
1558453544.511183, 82
1558453544.524488, 81
1558453544.538130, 81
1558453544.551860, 80
1558453544.565468, 81
1558453544.579843, 82
1558453544.593082, 81
1558453544.606695, 82
1558453544.620950, 81
1558453544.635170, 81
1558453544.648497, 80
1558453544.661996, 80
1558453544.675610, 81
1558453544.689288, 81
1558453544.704090, 82
1558453544.717832, 81
1558453544.731481, 82
1558453544.744857, 81
1558453544.758163, 80
1558453544.771671, 81
1558453544.785513, 81
1558453544.799087, 81
1558453544.812782, 81
1558453544.826147, 82
1558453544.839919, 82
1558453544.853482, 81
1558453544.867532, 80
1558453544.881143, 81
1558453544.894775, 81
1558453544.908180, 82
1558453544.922164, 82
1558453544.935265, 83
1558453544.948521, 83
1558453544.961565, 82
1558453544.975090, 82
1558453544.988793, 82
1558453545.002169, 83
1558453545.016284, 82
1558453545.029600, 81
1558453545.043505, 82
1558453545.056569, 83
1558453545.070332, 81
1558453545.084576, 82
1558453545.098018, 82
1558453545.111409, 83
1558453545.125099, 82
1558453545.138688, 83
1558453545.152888, 82
1558453545.166215, 82
1558453545.180021, 83
1558453545.193482, 83
1558453545.207345, 82
1558453545.220843, 83
1558453545.234473, 83
1558453545.247848, 83
1558453545.262003, 83
1558453545.286941, 83
1558453545.300519, 82
1558453545.314569, 82
1558453545.327698, 84
1558453545.341645, 84
1558453545.355125, 83
1558453545.369329, 84
1558453545.382948, 84
1558453545.396420, 83
1558453545.409810, 83
1558453545.423584, 82
1558453545.436484, 84
1558453545.449644, 84
1558453545.463239, 83
1558453545.476892, 82
1558453545.490436, 83
1558453545.503904, 84
1558453545.517570, 83
1558453545.532126, 83
1558453545.545991, 84
1558453545.560024, 83
1558453545.573170, 82
1558453545.587673, 84
1558453545.601608, 84
1558453545.615337, 84
1558453545.629149, 83
1558453545.642692, 84
1558453545.656335, 83
1558453545.669636, 84
1558453545.684324, 83
1558453545.697885, 83
1558453545.711718, 84
1558453545.726325, 84
1558453545.739946, 83
1558453545.753568, 85
1558453545.767489, 84
1558453545.781345, 84
1558453545.794385, 84
1558453545.808191, 84
1558453545.821875, 84
1558453545.835882, 84
1558453545.850140, 84
1558453545.863673, 85
1558453545.877519, 83
1558453545.890901, 85
1558453545.904172, 84
1558453545.917790, 85
1558453545.931501, 84
1558453545.945109, 85
1558453545.958981, 84
1558453545.972581, 85
1558453545.986900, 85
1558453546.001492, 84
1558453546.014968, 84
1558453546.028310, 85
1558453546.041442, 85
1558453546.055400, 84
1558453546.068911, 84
1558453546.083256, 83
1558453546.096612, 85
1558453546.109966, 84
1558453546.123404, 84
1558453546.137585, 84
1558453546.151295, 84
1558453546.164580, 84
1558453546.178035, 85
1558453546.191460, 85
1558453546.205247, 86
1558453546.219118, 86
1558453546.232919, 85
1558453546.246461, 85
1558453546.259909, 85
1558453546.274372, 85
1558453546.288691, 84
1558453546.302535, 86
1558453546.315963, 85
1558453546.329384, 85
1558453546.342902, 85
1558453546.356664, 85
1558453546.370342, 86
1558453546.384344, 84
1558453546.398211, 86
1558453546.411855, 85
1558453546.425715, 86
1558453546.439130, 86
1558453546.452757, 84
1558453546.467255, 85
1558453546.480541, 86
1558453546.494312, 86
1558453546.507800, 86
1558453546.521492, 85
1558453546.535400, 85
1558453546.550607, 85
1558453546.565161, 86
1558453546.578623, 85
1558453546.592292, 87
1558453546.606064, 86
1558453546.621088, 86
1558453546.635184, 87
1558453546.648937, 87
1558453546.663540, 86
1558453546.677382, 86
1558453546.691016, 87
1558453546.704698, 87
1558453546.718359, 86
1558453546.733450, 87
1558453546.748058, 87
1558453546.762051, 87
1558453546.776004, 86
1558453546.790052, 87
1558453546.804014, 87
1558453546.818635, 86
1558453546.832119, 86
1558453546.845387, 86
1558453546.859559, 87
1558453546.874020, 87
1558453546.887140, 85
1558453546.901745, 86
1558453546.914843, 87
1558453546.928551, 86
1558453546.941889, 86
1558453546.955206, 86
1558453546.969046, 87
1558453546.982662, 87
1558453546.996176, 86
1558453547.009069, 87
1558453547.022761, 87
1558453547.037031, 88
1558453547.050838, 87
1558453547.064464, 87
1558453547.078133, 88
1558453547.091864, 88
1558453547.105386, 87
1558453547.119499, 87
1558453547.133098, 88
1558453547.146841, 87
1558453547.160121, 87
1558453547.173553, 87
1558453547.187151, 88
1558453547.200470, 88
1558453547.213664, 87
1558453547.227350, 88
1558453547.241068, 88
1558453547.254544, 87
1558453547.268484, 88
1558453547.282853, 87
1558453547.297699, 87
1558453547.311170, 87
1558453547.324850, 88
1558453547.338567, 87
1558453547.352295, 87
1558453547.365629, 87
1558453547.379149, 88
1558453547.392774, 89
1558453547.406316, 87
1558453547.419975, 87
1558453547.434190, 88
1558453547.448831, 87
1558453547.462483, 89
1558453547.476431, 88
1558453547.489883, 87
1558453547.503447, 88
1558453547.517085, 89
1558453547.530442, 88
1558453547.543893, 87
1558453547.558059, 88
1558453547.571744, 89
1558453547.585228, 89
1558453547.598633, 87
1558453547.612688, 88
1558453547.626291, 89
1558453547.640040, 88
1558453547.653485, 89
1558453547.667548, 89
1558453547.681470, 89
1558453547.695338, 88
1558453547.709862, 89
1558453547.723574, 88
1558453547.737270, 89
1558453547.750866, 88
1558453547.764450, 89
1558453547.779141, 88
1558453547.792484, 89
1558453547.806179, 88
1558453547.819690, 89
1558453547.833855, 89
1558453547.847881, 88
1558453547.861638, 88
1558453547.875664, 88
1558453547.889099, 89
1558453547.902747, 88
1558453547.915868, 89
1558453547.929378, 90
1558453547.943178, 90
1558453547.957788, 90
1558453547.971720, 89
1558453547.985795, 90
1558453547.999403, 89
1558453548.012843, 90
1558453548.027024, 90
1558453548.040319, 90
1558453548.053700, 89
1558453548.067162, 90
1558453548.081236, 90
1558453548.095031, 91
1558453548.109556, 90
1558453548.124213, 90
1558453548.138609, 90
1558453548.151984, 89
1558453548.165358, 90
1558453548.179645, 89
1558453548.193338, 91
1558453548.206313, 90
1558453548.219974, 89
1558453548.233595, 90
1558453548.247235, 91
1558453548.260957, 89
1558453548.274686, 89
1558453548.288371, 90
1558453548.302307, 90
1558453548.315727, 90
1558453548.329562, 90
1558453548.343769, 89
1558453548.357383, 90
1558453548.371522, 90
1558453548.384835, 90
1558453548.398301, 92
1558453548.412028, 90
1558453548.425554, 91
1558453548.439375, 91
1558453548.453281, 91
1558453548.467666, 90
1558453548.481497, 91
1558453548.495971, 92
1558453548.510125, 91
1558453548.523409, 90
1558453548.536927, 91
1558453548.550587, 91
1558453548.564055, 90
1558453548.577938, 91
1558453548.591665, 91
1558453548.605229, 92
1558453548.619120, 90
1558453548.632894, 91
1558453548.646699, 91
1558453548.661051, 90
1558453548.674738, 90
1558453548.688497, 91
1558453548.702080, 91
1558453548.715758, 90
1558453548.729134, 90
1558453548.743004, 91
1558453548.756623, 90
1558453548.770074, 90
1558453548.783628, 90
1558453548.797317, 91
1558453548.810739, 92
1558453548.824280, 91
1558453548.837975, 92
1558453548.851454, 91
1558453548.865467, 91
1558453548.879674, 91
1558453548.893385, 91
1558453548.907132, 92
1558453548.921409, 92
1558453548.934888, 92
1558453548.948669, 91
1558453548.961928, 90
1558453548.975726, 92
1558453548.989728, 92
1558453549.003204, 92
1558453549.017247, 92
1558453549.031208, 91
1558453549.044648, 92
1558453549.058330, 93
1558453549.071501, 92
1558453549.085996, 92
1558453549.099977, 92
1558453549.113552, 92
1558453549.127556, 91
1558453549.141210, 92
1558453549.155437, 92
1558453549.169248, 92
1558453549.183111, 91
1558453549.196127, 92
1558453549.209691, 92
1558453549.223269, 92
1558453549.237159, 91
1558453549.250487, 92
1558453549.264171, 93
1558453549.277855, 93
1558453549.291880, 93
1558453549.305542, 94
1558453549.318912, 93
1558453549.332832, 92
1558453549.346267, 92
1558453549.359659, 93
1558453549.373429, 92
1558453549.386415, 92
1558453549.399590, 92
1558453549.413558, 93
1558453549.427077, 92
1558453549.440792, 92
1558453549.454910, 92
1558453549.468702, 93
1558453549.482395, 93
1558453549.496429, 93
1558453549.510326, 93
1558453549.523671, 93
1558453549.537966, 93
1558453549.551892, 93
1558453549.565445, 93
1558453549.579681, 92
1558453549.593062, 93
1558453549.606401, 94
1558453549.620175, 92
1558453549.634945, 92
1558453549.649707, 93
1558453549.663599, 92
1558453549.677164, 93
1558453549.690608, 93
1558453549.704223, 94
1558453549.719199, 93
1558453549.733495, 94
1558453549.747872, 93
1558453549.761198, 94
1558453549.774854, 94
1558453549.788432, 94
1558453549.802651, 94
1558453549.816859, 94
1558453549.830544, 93
1558453549.843664, 94
1558453549.857358, 94
1558453549.871848, 94
1558453549.885483, 94
1558453549.899505, 94
1558453549.913753, 94
1558453549.927529, 94
1558453549.941020, 93
1558453549.954930, 93
1558453549.969273, 93
1558453549.984006, 94
1558453549.998719, 93
1558453550.012069, 95
1558453550.025156, 93
1558453550.038584, 94
1558453550.053142, 93
1558453550.067033, 93
1558453550.080860, 94
1558453550.094410, 94
1558453550.107885, 95
1558453550.121949, 95
1558453550.135151, 94
1558453550.148900, 94
1558453550.162591, 93
1558453550.175980, 94
1558453550.190070, 95
1558453550.204038, 94
1558453550.218384, 95
1558453550.233711, 95
1558453550.247596, 95
1558453550.261476, 95
1558453550.274604, 94
1558453550.289090, 94
1558453550.302189, 95
1558453550.315623, 96
1558453550.328829, 94
1558453550.342440, 94
1558453550.356145, 95
1558453550.369912, 95
1558453550.383555, 95
1558453550.397303, 94
1558453550.410843, 95
1558453550.424747, 97
1558453550.438122, 95
1558453550.451886, 95
1558453550.465605, 94
1558453550.479833, 95
1558453550.494694, 95
1558453550.508404, 95
1558453550.522136, 96
1558453550.535903, 95
1558453550.549717, 95
1558453550.563395, 94
1558453550.576881, 95
1558453550.590543, 95
1558453550.604215, 95
1558453550.619057, 96
1558453550.633376, 96
1558453550.647033, 96
1558453550.660508, 94
1558453550.674240, 95
1558453550.687747, 96
1558453550.701669, 96
1558453550.715724, 97
1558453550.729506, 95
1558453550.743010, 96
1558453550.756649, 95
1558453550.770134, 96
1558453550.783810, 95
1558453550.798374, 95
1558453550.811762, 95
1558453550.824987, 97
1558453550.838820, 95
1558453550.852446, 96
1558453550.866328, 95
1558453550.879935, 96
1558453550.893847, 96
1558453550.907783, 97
1558453550.921573, 97
1558453550.935638, 95
1558453550.949176, 96
1558453550.963073, 97
1558453550.978192, 96
1558453550.992692, 95
1558453551.006067, 95
1558453551.019753, 97
1558453551.033221, 96
1558453551.046359, 95
1558453551.060222, 96
1558453551.074195, 96
1558453551.087880, 96
1558453551.102022, 96
1558453551.115623, 96
1558453551.129240, 97
1558453551.142587, 96
1558453551.156632, 96
1558453551.170035, 96
1558453551.183870, 96
1558453551.197688, 95
1558453551.211697, 98
1558453551.225492, 98
1558453551.239280, 96
1558453551.253187, 95
1558453551.266990, 96
1558453551.280882, 97
1558453551.294753, 96
1558453551.308409, 97
1558453551.321804, 98
1558453551.335553, 97
1558453551.349532, 96
1558453551.362652, 97
1558453551.375749, 97
1558453551.389627, 97
1558453551.403642, 98
1558453551.417384, 98
1558453551.431374, 98
1558453551.445371, 96
1558453551.459192, 97
1558453551.472898, 97
1558453551.487000, 97
1558453551.501224, 98
1558453551.514830, 99
1558453551.528865, 97
1558453551.542120, 97
1558453551.556255, 98
1558453551.569958, 97
1558453551.583556, 97
1558453551.598094, 97
1558453551.611354, 98
1558453551.624855, 98
1558453551.638156, 99
1558453551.651913, 98
1558453551.666124, 98
1558453551.680069, 97
1558453551.693493, 98
1558453551.707200, 98
1558453551.721624, 99
1558453551.736426, 98
1558453551.749780, 98
1558453551.763458, 98
1558453551.777814, 97
1558453551.791102, 96
1558453551.804891, 97
1558453551.818672, 99
1558453551.832340, 98
1558453551.846073, 96
1558453551.859599, 98
1558453551.873153, 98
1558453551.887285, 98
1558453551.900732, 98
1558453551.915312, 99
1558453551.929108, 99
1558453551.942368, 100
1558453551.955887, 98
1558453551.969981, 98
1558453551.983535, 97
1558453551.997312, 99
1558453552.010705, 98
1558453552.024035, 98
1558453552.038027, 98
1558453552.051906, 98
1558453552.066428, 98
1558453552.080113, 98
1558453552.093690, 98
1558453552.107374, 98
1558453552.121317, 99
1558453552.134840, 99
1558453552.149273, 99
1558453552.162932, 99
1558453552.176582, 98
1558453552.190133, 98
1558453552.203840, 98
1558453552.217969, 99
1558453552.232384, 99
1558453552.247076, 98
1558453552.260915, 99
1558453552.274516, 99
1558453552.288009, 98
1558453552.301748, 98
1558453552.315197, 99
1558453552.329140, 100
1558453552.342348, 99
1558453552.355641, 99
1558453552.369626, 100
1558453552.383283, 99
1558453552.396947, 99
1558453552.409951, 99
1558453552.423170, 99
1558453552.436618, 100
1558453552.451129, 98
1558453552.465227, 97
1558453552.478816, 98
1558453552.492797, 98
1558453552.506205, 98
1558453552.520292, 99
1558453552.533806, 99
1558453552.547561, 98
1558453552.561423, 97
1558453552.575400, 98
1558453552.588845, 98
1558453552.602170, 98
1558453552.615882, 98
1558453552.629703, 100
1558453552.643454, 99
1558453552.657277, 99
1558453552.670746, 99
1558453552.685266, 98
1558453552.698430, 98
1558453552.712409, 98
1558453552.725833, 100
1558453552.739878, 100
1558453552.753617, 98
1558453552.767258, 98
1558453552.781055, 98
1558453552.794617, 98
1558453552.808228, 97
1558453552.821782, 98
1558453552.835734, 98
1558453552.849419, 99
1558453552.863171, 97
1558453552.876695, 97
1558453552.890285, 96
1558453552.903940, 97
1558453552.917979, 90
1558453552.931961, 86
1558453552.945476, 80
1558453552.959989, 74
1558453552.973346, 69
1558453552.987008, 62
1558453553.000459, 57
1558453553.014837, 50
1558453553.028639, 49
1558453553.041791, 47
1558453553.055752, 47
1558453553.069766, 47
1558453553.083936, 47
1558453553.098651, 47
1558453553.113187, 46
1558453553.126789, 47
1558453553.140448, 47
1558453553.154372, 47
1558453553.168138, 47
1558453553.183156, 48
1558453553.196885, 48
1558453553.210424, 47
1558453553.224433, 49
1558453553.238126, 48
1558453553.251692, 48
1558453553.265874, 47
1558453553.280343, 48
1558453553.293709, 48
1558453553.307423, 49
1558453553.321445, 48
1558453553.335167, 48
1558453553.349754, 48
1558453553.363883, 48
1558453553.377712, 48
1558453553.391127, 47
1558453553.405854, 48
1558453553.419697, 49
1558453553.433237, 48
1558453553.447780, 49
1558453553.461973, 48
1558453553.475084, 48
1558453553.488623, 48
1558453553.502027, 48
1558453553.515616, 48
1558453553.529306, 50
1558453553.542525, 48
1558453553.557019, 49
1558453553.571007, 49
1558453553.585492, 50
1558453553.599196, 49
1558453553.613284, 48
1558453553.627089, 49
1558453553.640899, 49
1558453553.654650, 49
1558453553.668138, 49
1558453553.681869, 50
1558453553.696099, 49
1558453553.710148, 50
1558453553.723775, 50
1558453553.737772, 51
1558453553.752212, 49
1558453553.765908, 50
1558453553.779710, 49
1558453553.792974, 50
1558453553.807011, 49
1558453553.821555, 49
1558453553.835204, 50
1558453553.849214, 50
1558453553.863212, 50
1558453553.877332, 50
1558453553.891171, 50
1558453553.905111, 50
1558453553.918430, 50
1558453553.932885, 51
1558453553.946701, 51
1558453553.960690, 51
1558453553.974980, 51
1558453553.988648, 50
1558453554.002603, 51
1558453554.016380, 50
1558453554.030030, 51
1558453554.043517, 52
1558453554.057841, 51
1558453554.071639, 50
1558453554.085054, 51
1558453554.098558, 51
1558453554.112375, 51
1558453554.125705, 51
1558453554.139307, 51
1558453554.152739, 51
1558453554.166308, 51
1558453554.181744, 52
1558453554.195821, 52
1558453554.209255, 52
1558453554.223308, 51
1558453554.237104, 52
1558453554.250289, 51
1558453554.263933, 51
1558453554.277946, 52
1558453554.291901, 51
1558453554.305552, 51
1558453554.320126, 52
1558453554.334335, 52
1558453554.347823, 53
1558453554.362654, 52
1558453554.376298, 52
1558453554.390033, 53
1558453554.403618, 52
1558453554.417079, 51
1558453554.431483, 53
1558453554.445901, 53
1558453554.459269, 52
1558453554.473274, 51
1558453554.488011, 52
1558453554.502385, 52
1558453554.516126, 52
1558453554.529609, 53
1558453554.542670, 53
1558453554.557302, 52
1558453554.570693, 52
1558453554.584375, 53
1558453554.597802, 53
1558453554.611518, 52
1558453554.625306, 53
1558453554.638613, 54
1558453554.652321, 53
1558453554.665480, 54
1558453554.679393, 54
1558453554.692914, 53
1558453554.707477, 53
1558453554.721478, 54
1558453554.735097, 54
1558453554.748782, 53
1558453554.762441, 54
1558453554.776279, 53
1558453554.789860, 54
1558453554.803823, 53
1558453554.817276, 54
1558453554.831022, 54
1558453554.844715, 54
1558453554.858261, 53
1558453554.871841, 54
1558453554.885185, 54
1558453554.899608, 54
1558453554.913561, 54
1558453554.927689, 55
1558453554.941855, 55
1558453554.955480, 55
1558453554.969506, 53
1558453554.983268, 54
1558453554.997247, 54
1558453555.010613, 54
1558453555.024722, 54
1558453555.038235, 55
1558453555.052142, 56
1558453555.066082, 53
1558453555.079827, 55
1558453555.093655, 55
1558453555.106967, 54
1558453555.121127, 53
1558453555.134921, 56
1558453555.149311, 55
1558453555.164243, 55
1558453555.178343, 54
1558453555.192126, 54
1558453555.205780, 56
1558453555.219289, 55
1558453555.232992, 55
1558453555.247218, 56
1558453555.261807, 57
1558453555.277124, 55
1558453555.290594, 55
1558453555.304596, 55
1558453555.318655, 55
1558453555.332291, 55
1558453555.345446, 57
1558453555.359696, 57
1558453555.373594, 55
1558453555.386799, 55
1558453555.400749, 56
1558453555.414112, 56
1558453555.428502, 56
1558453555.441836, 57
1558453555.455817, 57
1558453555.469942, 56
1558453555.483866, 57
1558453555.499990, 56
1558453555.515060, 56
1558453555.529673, 56
1558453555.543380, 57
1558453555.557654, 57
1558453555.571168, 56
1558453555.584560, 57
1558453555.599160, 56
1558453555.614705, 56
1558453555.629144, 56
1558453555.642983, 57
1558453555.656865, 57
1558453555.670195, 56
1558453555.684038, 56
1558453555.697782, 57
1558453555.711173, 56
1558453555.725002, 56
1558453555.738714, 57
1558453555.752401, 57
1558453555.765964, 57
1558453555.779550, 57
1558453555.793349, 58
1558453555.807629, 58
1558453555.821500, 58
1558453555.835444, 57
1558453555.849208, 58
1558453555.862773, 59
1558453555.876561, 57
1558453555.890204, 56
1558453555.903895, 57
1558453555.917543, 58
1558453555.931426, 57
1558453555.945078, 59
1558453555.958704, 59
1558453555.972771, 58
1558453555.986453, 57
1558453555.999991, 58
1558453556.013826, 58
1558453556.028347, 58
1558453556.042037, 59
1558453556.055995, 58
1558453556.069393, 59
1558453556.083109, 59
1558453556.097533, 58
1558453556.111293, 58
1558453556.125466, 59
1558453556.139707, 59
1558453556.153744, 59
1558453556.167444, 59
1558453556.181164, 59
1558453556.194901, 59
1558453556.208660, 58
1558453556.222375, 59
1558453556.235899, 58
1558453556.249437, 60
1558453556.263788, 59
1558453556.277968, 60
1558453556.291238, 59
1558453556.305379, 58
1558453556.318824, 58
1558453556.332960, 58
1558453556.346325, 60
1558453556.359924, 59
1558453556.373447, 60
1558453556.388248, 60
1558453556.401861, 59
1558453556.415628, 59
1558453556.429780, 59
1558453556.443524, 61
1558453556.457416, 60
1558453556.471584, 61
1558453556.485290, 59
1558453556.499363, 60
1558453556.513466, 59
1558453556.527161, 60
1558453556.540702, 59
1558453556.554578, 60
1558453556.567930, 61
1558453556.581451, 60
1558453556.595483, 59
1558453556.609242, 59
1558453556.623306, 59
1558453556.636911, 60
1558453556.649947, 60
1558453556.663852, 60
1558453556.677458, 60
1558453556.690930, 61
1558453556.704712, 60
1558453556.718451, 61
1558453556.732118, 60
1558453556.745786, 61
1558453556.759825, 61
1558453556.773660, 62
1558453556.787426, 61
1558453556.800943, 60
1558453556.814669, 60
1558453556.828342, 61
1558453556.842051, 61
1558453556.855719, 61
1558453556.869595, 61
1558453556.883286, 61
1558453556.896944, 61
1558453556.910565, 61
1558453556.924067, 60
1558453556.938446, 60
1558453556.951416, 62
1558453556.965329, 61
1558453556.979030, 61
1558453556.993313, 61
1558453557.006910, 61
1558453557.020709, 61
1558453557.035043, 60
1558453557.048477, 63
1558453557.061789, 62
1558453557.075343, 62
1558453557.089473, 60
1558453557.102987, 62
1558453557.116788, 62
1558453557.130106, 61
1558453557.143781, 60
1558453557.158204, 63
1558453557.172052, 63
1558453557.185719, 63
1558453557.199066, 60
1558453557.212608, 61
1558453557.226406, 62
1558453557.240318, 61
1558453557.253842, 63
1558453557.267391, 62
1558453557.281038, 63
1558453557.294745, 62
1558453557.308245, 60
1558453557.321178, 63
1558453557.334869, 63
1558453557.348460, 63
1558453557.362281, 64
1558453557.375817, 64
1558453557.389455, 63
1558453557.404055, 63
1558453557.417400, 61
1558453557.431289, 63
1558453557.445147, 62
1558453557.458828, 63
1558453557.473146, 64
1558453557.487068, 64
1558453557.501228, 63
1558453557.514771, 62
1558453557.528793, 62
1558453557.542415, 62
1558453557.556961, 64
1558453557.570302, 63
1558453557.583802, 64
1558453557.597546, 63
1558453557.611698, 63
1558453557.625403, 62
1558453557.638797, 64
1558453557.652577, 65
1558453557.666190, 64
1558453557.679795, 64
1558453557.692896, 64
1558453557.706387, 63
1558453557.720135, 64
1558453557.733813, 64
1558453557.747316, 63
1558453557.761108, 65
1558453557.774855, 64
1558453557.789428, 64
1558453557.803401, 63
1558453557.816957, 64
1558453557.830770, 64
1558453557.845212, 63
1558453557.858721, 65
1558453557.873499, 65
1558453557.887283, 64
1558453557.901055, 63
1558453557.914626, 64
1558453557.928698, 64
1558453557.942165, 64
1558453557.955880, 64
1558453557.969812, 66
1558453557.983470, 65
1558453557.997124, 65
1558453558.010241, 64
1558453558.024533, 65
1558453558.038071, 64
1558453558.051855, 66
1558453558.066076, 65
1558453558.080061, 66
1558453558.093979, 65
1558453558.106978, 65
1558453558.120379, 64
1558453558.133597, 64
1558453558.147623, 65
1558453558.162219, 66
1558453558.176216, 66
1558453558.190534, 66
1558453558.204762, 65
1558453558.219472, 64
1558453558.233339, 64
1558453558.248792, 64
1558453558.263592, 66
1558453558.277422, 65
1558453558.292262, 66
1558453558.305956, 65
1558453558.319750, 66
1558453558.333601, 66
1558453558.346937, 66
1558453558.361146, 66
1558453558.374544, 66
1558453558.388573, 67
1558453558.401913, 67
1558453558.415583, 66
1558453558.429694, 66
1558453558.443522, 65
1558453558.457395, 66
1558453558.471063, 67
1558453558.484388, 66
1558453558.497960, 66
1558453558.511336, 66
1558453558.525276, 66
1558453558.539492, 66
1558453558.554016, 65
1558453558.567435, 66
1558453558.581073, 67
1558453558.594728, 67
1558453558.607950, 66
1558453558.622075, 66
1558453558.635366, 66
1558453558.648956, 67
1558453558.662767, 68
1558453558.676576, 67
1558453558.689930, 67
1558453558.703838, 68
1558453558.718030, 66
1558453558.732230, 66
1558453558.747298, 67
1558453558.762937, 68
1558453558.777531, 68
1558453558.790923, 68
1558453558.805000, 67
1558453558.818757, 67
1558453558.832720, 67
1558453558.846837, 67
1558453558.860898, 68
1558453558.874174, 68
1558453558.887498, 68
1558453558.901231, 67
1558453558.914975, 67
1558453558.928913, 67
1558453558.942506, 67
1558453558.956362, 66
1558453558.969877, 68
1558453558.983704, 69
1558453558.997142, 68
1558453559.011123, 69
1558453559.024687, 68
1558453559.038257, 68
1558453559.051753, 67
1558453559.065241, 68
1558453559.078617, 69
1558453559.092410, 68
1558453559.105937, 68
1558453559.120155, 67
1558453559.133437, 68
1558453559.147271, 67
1558453559.160977, 69
1558453559.174687, 68
1558453559.188119, 69
1558453559.201814, 69
1558453559.215238, 69
1558453559.229538, 68
1558453559.243628, 67
1558453559.257165, 67
1558453559.271472, 68
1558453559.286012, 68
1558453559.299653, 69
1558453559.313087, 68
1558453559.326829, 68
1558453559.340095, 69
1558453559.353384, 69
1558453559.368013, 70
1558453559.381494, 70
1558453559.395417, 70
1558453559.409180, 69
1558453559.422836, 68
1558453559.436818, 69
1558453559.449856, 68
1558453559.463235, 69
1558453559.477226, 69
1558453559.490927, 70
1558453559.504632, 70
1558453559.518889, 70
1558453559.533512, 70
1558453559.547146, 68
1558453559.562110, 70
1558453559.576340, 70
1558453559.589794, 70
1558453559.604038, 70
1558453559.617762, 69
1558453559.631520, 69
1558453559.645232, 70
1558453559.658936, 68
1558453559.673343, 70
1558453559.686656, 71
1558453559.699768, 70
1558453559.713198, 70
1558453559.727118, 70
1558453559.741027, 70
1558453559.754410, 70
1558453559.768043, 71
1558453559.781708, 70
1558453559.794788, 71
1558453559.808667, 70
1558453559.822263, 70
1558453559.835823, 69
1558453559.849632, 70
1558453559.863055, 72
1558453559.876636, 71
1558453559.890312, 71
1558453559.903823, 71
1558453559.917481, 72
1558453559.931529, 70
1558453559.945013, 69
1558453559.958732, 70
1558453559.972241, 72
1558453559.985818, 71
1558453559.999713, 70
1558453560.016858, 72
1558453560.030553, 70
1558453560.045004, 71
1558453560.059368, 71
1558453560.072581, 72
1558453560.085907, 71
1558453560.109730, 71
1558453560.129473, 69
1558453560.145902, 71
1558453560.161230, 71
1558453560.175514, 71
1558453560.189092, 71
1558453560.202639, 72
1558453560.216511, 72
1558453560.230787, 71
1558453560.245887, 71
1558453560.259521, 71
1558453560.273710, 72
1558453560.287256, 71
1558453560.300710, 71
1558453560.315107, 72
1558453560.328924, 72
1558453560.342668, 72
1558453560.356607, 71
1558453560.370377, 71
1558453560.383358, 72
1558453560.397102, 73
1558453560.411314, 72
1558453560.425309, 72
1558453560.439048, 72
1558453560.453690, 71
1558453560.467203, 72
1558453560.480903, 72
1558453560.495026, 72
1558453560.509005, 73
1558453560.522555, 72
1558453560.536409, 72
1558453560.550409, 71
1558453560.563754, 72
1558453560.578033, 72
1558453560.591834, 73
1558453560.605427, 73
1558453560.619510, 73
1558453560.633267, 71
1558453560.646547, 72
1558453560.660480, 72
1558453560.674081, 73
1558453560.687696, 73
1558453560.700768, 73
1558453560.714066, 73
1558453560.727876, 74
1558453560.741534, 71
1558453560.755425, 72
1558453560.769143, 72
1558453560.782509, 74
1558453560.795835, 72
1558453560.810025, 73
1558453560.824315, 74
1558453560.837965, 73
1558453560.851239, 73
1558453560.864327, 73
1558453560.877750, 73
1558453560.891270, 74
1558453560.905074, 73
1558453560.918022, 73
1558453560.931701, 74
1558453560.945137, 73
1558453560.959104, 74
1558453560.973080, 73
1558453560.987082, 74
1558453561.000762, 74
1558453561.014558, 74
1558453561.028183, 74
1558453561.041777, 73
1558453561.055613, 73
1558453561.069448, 74
1558453561.084086, 73
1558453561.097436, 74
1558453561.111355, 74
1558453561.124851, 74
1558453561.138209, 73
1558453561.151938, 74
1558453561.165549, 74
1558453561.179174, 74
1558453561.193372, 75
1558453561.207053, 75
1558453561.220721, 74
1558453561.234411, 74
1558453561.248309, 74
1558453561.261770, 73
1558453561.275628, 74
1558453561.288948, 74
1558453561.302631, 75
1558453561.316106, 75
1558453561.329400, 76
1558453561.342885, 75
1558453561.357618, 74
1558453561.371642, 76
1558453561.385652, 75
1558453561.399423, 74
1558453561.413002, 75
1558453561.426496, 74
1558453561.439890, 76
1558453561.453643, 73
1558453561.467199, 74
1558453561.480406, 76
1558453561.495094, 75
1558453561.509024, 74
1558453561.522721, 75
1558453561.536087, 76
1558453561.550000, 74
1558453561.563353, 75
1558453561.577024, 75
1558453561.590651, 76
1558453561.604132, 75
1558453561.617940, 76
1558453561.631351, 75
1558453561.644974, 76
1558453561.658860, 75
1558453561.672248, 75
1558453561.686257, 75
1558453561.699632, 75
1558453561.713607, 77
1558453561.727134, 76
1558453561.741036, 76
1558453561.754388, 76
1558453561.767759, 75
1558453561.781290, 75
1558453561.794649, 75
1558453561.808725, 77
1558453561.822535, 77
1558453561.836136, 75
1558453561.849643, 74
1558453561.863294, 76
1558453561.876817, 77
1558453561.890547, 75
1558453561.903883, 77
1558453561.917148, 76
1558453561.931317, 77
1558453561.944812, 75
1558453561.958471, 76
1558453561.972366, 76
1558453561.985939, 76
1558453561.999533, 75
1558453562.012740, 77
1558453562.026354, 77
1558453562.039642, 76
1558453562.053333, 74
1558453562.067140, 76
1558453562.080553, 76
1558453562.094322, 77
1558453562.107955, 77
1558453562.121770, 77
1558453562.135320, 77
1558453562.148994, 77
1558453562.162647, 75
1558453562.176073, 75
1558453562.189432, 77
1558453562.202974, 77
1558453562.217311, 76
1558453562.230713, 77
1558453562.244793, 78
1558453562.258415, 76
1558453562.271944, 75
1558453562.285584, 77
1558453562.299252, 77
1558453562.312380, 77
1558453562.325909, 77
1558453562.339434, 78
1558453562.352918, 78
1558453562.366086, 75
1558453562.379883, 76
1558453562.393598, 77
1558453562.407675, 77
1558453562.421059, 77
1558453562.434985, 77
1558453562.448468, 78
1558453562.462333, 76
1558453562.475861, 76
1558453562.489599, 77
1558453562.503100, 78
1558453562.517031, 79
1558453562.530924, 78
1558453562.544667, 77
1558453562.557800, 78
1558453562.571727, 78
1558453562.585597, 78
1558453562.599555, 78
1558453562.613188, 78
1558453562.626472, 79
1558453562.640008, 79
1558453562.653654, 77
1558453562.667152, 78
1558453562.681065, 77
1558453562.694983, 79
1558453562.708819, 77
1558453562.723357, 79
1558453562.737841, 78
1558453562.751507, 78
1558453562.764932, 79
1558453562.778380, 78
1558453562.791813, 78
1558453562.805373, 78
1558453562.819474, 78
1558453562.833003, 79
1558453562.846662, 79
1558453562.860100, 78
1558453562.873661, 79
1558453562.887025, 78
1558453562.900956, 78
1558453562.914604, 79
1558453562.928855, 78
1558453562.942171, 79
1558453562.956396, 80
1558453562.969893, 79
1558453562.983802, 78
1558453562.997075, 78
1558453563.010792, 80
1558453563.024555, 79
1558453563.038644, 79
1558453563.052526, 78
1558453563.066040, 80
1558453563.079786, 80
1558453563.093287, 79
1558453563.107617, 80
1558453563.121183, 80
1558453563.134397, 80
1558453563.147750, 80
1558453563.161338, 80
1558453563.175748, 80
1558453563.189246, 78
1558453563.203561, 80
1558453563.217320, 81
1558453563.231194, 81
1558453563.245045, 80
1558453563.259110, 81
1558453563.274119, 80
1558453563.288070, 81
1558453563.301671, 79
1558453563.315399, 78
1558453563.328976, 81
1558453563.342282, 80
1558453563.355808, 80
1558453563.370005, 79
1558453563.383143, 81
1558453563.397183, 81
1558453563.410646, 79
1558453563.424584, 79
1558453563.439147, 80
1558453563.452587, 81
1558453563.466541, 80
1558453563.480139, 81
1558453563.494319, 81
1558453563.508339, 80
1558453563.522047, 80
1558453563.536331, 81
1558453563.550743, 80
1558453563.564069, 81
1558453563.577781, 81
1558453563.591491, 80
1558453563.604614, 79
1558453563.618496, 81
1558453563.632072, 81
1558453563.645839, 81
1558453563.659505, 81
1558453563.673328, 81
1558453563.687314, 81
1558453563.700771, 81
1558453563.714221, 80
1558453563.727894, 82
1558453563.742155, 81
1558453563.755650, 81
1558453563.769609, 81
1558453563.783118, 81
1558453563.796869, 81
1558453563.811032, 80
1558453563.824113, 81
1558453563.837996, 82
1558453563.851852, 81
1558453563.865682, 82
1558453563.879998, 81
1558453563.894185, 81
1558453563.910886, 81
1558453563.925076, 80
1558453563.938609, 82
1558453563.952247, 81
1558453563.965713, 82
1558453563.979944, 81
1558453563.994039, 82
1558453564.009492, 81
1558453564.023854, 80
1558453564.037933, 82
1558453564.051184, 82
1558453564.064371, 81
1558453564.077465, 82
1558453564.091802, 83
1558453564.105669, 83
1558453564.119420, 81
1558453564.132896, 82
1558453564.146311, 83
1558453564.159904, 82
1558453564.173677, 82
1558453564.187002, 82
1558453564.200798, 82
1558453564.213813, 83
1558453564.227871, 81
1558453564.241598, 82
1558453564.255706, 83
1558453564.269323, 82
1558453564.282666, 82
1558453564.295969, 82
1558453564.309864, 83
1558453564.324295, 81
1558453564.337811, 82
1558453564.351645, 83
1558453564.365388, 83
1558453564.378989, 83
1558453564.392547, 82
1558453564.407099, 83
1558453564.421907, 82
1558453564.435578, 82
1558453564.448622, 82
1558453564.462008, 82
1558453564.475630, 83
1558453564.490224, 82
1558453564.503775, 83
1558453564.517440, 83
1558453564.531073, 84
1558453564.545447, 84
1558453564.559501, 83
1558453564.573471, 84
1558453564.587332, 83
1558453564.601219, 84
1558453564.615128, 83
1558453564.629369, 82
1558453564.643453, 84
1558453564.657893, 84
1558453564.672519, 82
1558453564.686192, 84
1558453564.699590, 84
1558453564.713276, 83
1558453564.726703, 83
1558453564.741015, 84
1558453564.755200, 83
1558453564.768702, 83
1558453564.782104, 84
1558453564.795586, 84
1558453564.809842, 83
1558453564.823522, 83
1558453564.837164, 83
1558453564.851032, 84
1558453564.864941, 84
1558453564.878556, 83
1558453564.892891, 84
1558453564.906503, 83
1558453564.920149, 83
1558453564.934293, 84
1558453564.947646, 83
1558453564.961083, 85
1558453564.974646, 85
1558453564.988418, 84
1558453565.002289, 84
1558453565.016116, 84
1558453565.029614, 83
1558453565.043628, 84
1558453565.059117, 85
1558453565.073470, 85
1558453565.087412, 84
1558453565.101038, 84
1558453565.114060, 85
1558453565.128418, 83
1558453565.148853, 83
1558453565.164725, 83
1558453565.186264, 84
1558453565.199739, 84
1558453565.212989, 84
1558453565.227027, 84
1558453565.240910, 85
1558453565.254571, 85
1558453565.268665, 84
1558453565.282243, 84
1558453565.295760, 85
1558453565.309321, 85
1558453565.323121, 84
1558453565.337557, 85
1558453565.350987, 86
1558453565.365525, 85
1558453565.378927, 85
1558453565.392918, 85
1558453565.406318, 86
1558453565.420165, 85
1558453565.433923, 84
1558453565.447579, 85
1558453565.461120, 86
1558453565.474814, 85
1558453565.488379, 85
1558453565.501703, 85
1558453565.515394, 86
1558453565.529107, 86
1558453565.542720, 85
1558453565.557188, 86
1558453565.571907, 86
1558453565.585656, 86
1558453565.599557, 86
1558453565.613103, 86
1558453565.626504, 86
1558453565.640276, 86
1558453565.654244, 86
1558453565.667608, 85
1558453565.681635, 86
1558453565.695333, 86
1558453565.708885, 86
1558453565.722240, 85
1558453565.736039, 86
1558453565.749714, 86
1558453565.763334, 84
1558453565.777161, 86
1558453565.790914, 87
1558453565.805457, 86
1558453565.819252, 87
1558453565.832803, 86
1558453565.846546, 86
1558453565.860219, 86
1558453565.873809, 86
1558453565.887890, 87
1558453565.901619, 87
1558453565.914920, 86
1558453565.928960, 86
1558453565.942343, 86
1558453565.956531, 87
1558453565.969860, 87
1558453565.983688, 86
1558453565.997402, 86
1558453566.011223, 87
1558453566.024883, 86
1558453566.038505, 86
1558453566.051873, 86
1558453566.065861, 87
1558453566.079918, 87
1558453566.093264, 87
1558453566.107565, 87
1558453566.122068, 87
1558453566.135717, 86
1558453566.149523, 87
1558453566.162543, 87
1558453566.175808, 86
1558453566.189366, 86
1558453566.202854, 86
1558453566.216520, 87
1558453566.229622, 88
1558453566.242937, 88
1558453566.256586, 88
1558453566.270163, 87
1558453566.283815, 88
1558453566.297746, 88
1558453566.311400, 88
1558453566.325536, 87
1558453566.338721, 88
1558453566.352165, 87
1558453566.366000, 88
1558453566.379538, 87
1558453566.393859, 88
1558453566.407408, 87
1558453566.420753, 88
1558453566.434310, 87
1558453566.447946, 88
1558453566.461670, 87
1558453566.475338, 88
1558453566.488978, 87
1558453566.502464, 87
1558453566.516601, 87
1558453566.533761, 87
1558453566.552765, 87
1558453566.568377, 86
1558453566.584716, 88
1558453566.598016, 87
1558453566.611416, 88
1558453566.625151, 87
1558453566.638598, 88
1558453566.652957, 89
1558453566.667409, 88
1558453566.680786, 88
1558453566.694095, 89
1558453566.707952, 89
1558453566.721709, 89
1558453566.735440, 88
1558453566.749547, 89
1558453566.762734, 89
1558453566.776914, 89
1558453566.790552, 88
1558453566.803941, 88
1558453566.817416, 89
1558453566.831363, 89
1558453566.844799, 88
1558453566.858095, 88
1558453566.872028, 89
1558453566.885810, 89
1558453566.899687, 88
1558453566.913550, 89
1558453566.927041, 88
1558453566.940726, 88
1558453566.955192, 88
1558453566.968881, 89
1558453566.982604, 89
1558453566.996121, 89
1558453567.009719, 88
1558453567.023454, 89
1558453567.039397, 89
1558453567.055097, 88
1558453567.069415, 88
1558453567.085163, 90
1558453567.099250, 90
1558453567.113241, 89
1558453567.126853, 88
1558453567.140270, 90
1558453567.154179, 91
1558453567.167547, 89
1558453567.181257, 88
1558453567.194824, 90
1558453567.207855, 89
1558453567.221274, 89
1558453567.235126, 88
1558453567.249011, 90
1558453567.262561, 89
1558453567.276560, 89
1558453567.290304, 88
1558453567.304034, 90
1558453567.317698, 90
1558453567.331479, 90
1558453567.345118, 89
1558453567.358596, 90
1558453567.372350, 89
1558453567.386058, 90
1558453567.399773, 89
1558453567.413569, 89
1558453567.426910, 89
1558453567.440275, 90
1558453567.454074, 90
1558453567.467504, 90
1558453567.481209, 90
1558453567.495143, 89
1558453567.508491, 90
1558453567.523204, 90
1558453567.536930, 91
1558453567.550552, 90
1558453567.564173, 91
1558453567.577727, 90
1558453567.591103, 91
1558453567.604507, 90
1558453567.618287, 91
1558453567.632009, 90
1558453567.645375, 91
1558453567.658743, 91
1558453567.672202, 91
1558453567.685781, 91
1558453567.699337, 91
1558453567.713389, 90
1558453567.727092, 91
1558453567.741209, 90
1558453567.754848, 91
1558453567.768595, 90
1558453567.782127, 91
1558453567.795970, 90
1558453567.810274, 90
1558453567.823739, 90
1558453567.837770, 90
1558453567.851458, 91
1558453567.865140, 92
1558453567.878446, 90
1558453567.892350, 90
1558453567.906416, 91
1558453567.920132, 91
1558453567.933994, 90
1558453567.947454, 90
1558453567.961316, 91
1558453567.974997, 91
1558453567.988965, 92
1558453568.002591, 92
1558453568.015931, 91
1558453568.029490, 91
1558453568.042679, 91
1558453568.057252, 92
1558453568.071820, 92
1558453568.085561, 92
1558453568.099195, 91
1558453568.112793, 92
1558453568.126112, 92
1558453568.140121, 92
1558453568.153741, 91
1558453568.167767, 92
1558453568.181901, 91
1558453568.195513, 92
1558453568.208991, 91
15