1558496251.857524, 0
1558496251.893369, 0
1558496251.920650, 7
1558496251.943037, 5
1558496251.965838, 3
1558496251.985136, 10
1558496252.004086, 10
1558496252.018264, 9
1558496252.032079, 10
1558496252.045897, 9
1558496252.059681, 10
1558496252.072967, 7
1558496252.086785, 8
1558496252.100173, 6
1558496252.113615, 8
1558496252.127370, 5
1558496252.146717, 5
1558496252.164113, 1
1558496252.178693, 4
1558496252.192270, 6
1558496252.206724, 2
1558496252.220313, 3
1558496252.233988, 4
1558496252.247417, 4
1558496252.261404, 4
1558496252.275048, 4
1558496252.288589, 7
1558496252.302121, 6
1558496252.316374, 5
1558496252.329976, 5
1558496252.344157, 5
1558496252.359056, 7
1558496252.374166, 6
1558496252.388915, 7
1558496252.402802, 8
1558496252.416196, 7
1558496252.429349, 7
1558496252.442536, 8
1558496252.455809, 7
1558496252.469333, 7
1558496252.483112, 8
1558496252.496467, 9
1558496252.510169, 9
1558496252.524960, 8
1558496252.538848, 8
1558496252.552703, 8
1558496252.566072, 9
1558496252.580632, 9
1558496252.594180, 9
1558496252.608030, 9
1558496252.621507, 10
1558496252.635947, 9
1558496252.649749, 10
1558496252.663773, 4
1558496252.677862, 4
1558496252.691670, 4
1558496252.705147, 2
1558496252.718434, 4
1558496252.731747, 3
1558496252.750590, 4
1558496252.772247, 4
1558496252.785941, 5
1558496252.799709, 5
1558496252.813233, 5
1558496252.826621, 5
1558496252.840380, 6
1558496252.853418, 6
1558496252.866537, 6
1558496252.879700, 7
1558496252.893556, 8
1558496252.906932, 8
1558496252.920265, 7
1558496252.933698, 7
1558496252.947133, 7
1558496252.960930, 8
1558496252.974511, 7
1558496252.987771, 7
1558496253.001161, 10
1558496253.014420, 8
1558496253.028059, 8
1558496253.041779, 8
1558496253.055725, 10
1558496253.071094, 9
1558496253.084441, 9
1558496253.097819, 10
1558496253.111258, 9
1558496253.124760, 10
1558496253.138244, 9
1558496253.151795, 8
1558496253.165157, 9
1558496253.178940, 8
1558496253.192108, 8
1558496253.205859, 3
1558496253.219458, 3
1558496253.232952, 3
1558496253.246333, 3
1558496253.259497, 3
1558496253.272767, 4
1558496253.286288, 3
1558496253.299571, 4
1558496253.313512, 5
1558496253.326951, 5
1558496253.349738, 4
1558496253.368745, 6
1558496253.382291, 7
1558496253.396170, 7
1558496253.411031, 7
1558496253.425474, 7
1558496253.439870, 7
1558496253.453344, 7
1558496253.466744, 7
1558496253.480079, 8
1558496253.493589, 7
1558496253.506705, 9
1558496253.519988, 9
1558496253.533344, 8
1558496253.547176, 8
1558496253.560893, 8
1558496253.574049, 9
1558496253.587865, 8
1558496253.601105, 10
1558496253.614296, 9
1558496253.627904, 8
1558496253.641490, 9
1558496253.654947, 9
1558496253.668247, 7
1558496253.682043, 3
1558496253.695436, 3
1558496253.708727, 4
1558496253.722920, 2
1558496253.736769, 4
1558496253.749999, 3
1558496253.763331, 3
1558496253.778097, 5
1558496253.791334, 5
1558496253.804792, 5
1558496253.818306, 6
1558496253.831451, 6
1558496253.845063, 5
1558496253.858850, 5
1558496253.874331, 5
1558496253.887771, 6
1558496253.901567, 6
1558496253.914681, 8
1558496253.928576, 8
1558496253.950351, 7
1558496253.970264, 7
1558496253.983664, 8
1558496253.997454, 9
1558496254.011216, 9
1558496254.026265, 10
1558496254.039422, 8
1558496254.053129, 8
1558496254.066676, 9
1558496254.079946, 8
1558496254.093295, 10
1558496254.106877, 10
1558496254.120947, 9
1558496254.134281, 9
1558496254.147618, 10
1558496254.161058, 9
1558496254.174391, 10
1558496254.188497, 10
1558496254.202000, 9
1558496254.215785, 3
1558496254.229301, 3
1558496254.243202, 3
1558496254.256698, 3
1558496254.270472, 4
1558496254.284392, 4
1558496254.297845, 4
1558496254.311513, 5
1558496254.325176, 6
1558496254.338919, 5
1558496254.352500, 5
1558496254.365949, 5
1558496254.379065, 6
1558496254.392261, 5
1558496254.405591, 6
1558496254.420185, 8
1558496254.433508, 6
1558496254.447894, 6
1558496254.463743, 6
1558496254.478145, 7
1558496254.491509, 7
1558496254.505233, 7
1558496254.518508, 9
1558496254.532277, 10
1558496254.552087, 8
1558496254.570520, 8
1558496254.583835, 8
1558496254.597378, 10
1558496254.611262, 9
1558496254.625437, 10
1558496254.639432, 9
1558496254.652587, 9
1558496254.666263, 10
1558496254.680121, 9
1558496254.693803, 9
1558496254.707411, 10
1558496254.721334, 10
1558496254.734994, 10
1558496254.749734, 9
1558496254.763234, 2
1558496254.776649, 2
1558496254.790013, 2
1558496254.803106, 2
1558496254.816522, 3
1558496254.829756, 2
1558496254.843169, 1
1558496254.856835, 3
1558496254.870194, 1
1558496254.883787, 3
1558496254.920371, 2
1558496254.933563, 4
1558496254.946822, 3
1558496254.960241, 3
1558496254.974235, 2
1558496254.987638, 2
1558496255.001334, 3
1558496255.015245, 4
1558496255.028785, 3
1558496255.042530, 4
1558496255.056428, 4
1558496255.070342, 4
1558496255.084320, 5
1558496255.099521, 4
1558496255.113442, 5
1558496255.127729, 6
1558496255.149119, 6
1558496255.167075, 6
1558496255.180917, 7
1558496255.195270, 7
1558496255.208943, 7
1558496255.222407, 7
1558496255.235688, 8
1558496255.248895, 9
1558496255.262294, 7
1558496255.275701, 8
1558496255.289207, 8
1558496255.302714, 9
1558496255.316119, 8
1558496255.329580, 8
1558496255.343397, 9
1558496255.356698, 9
1558496255.370594, 8
1558496255.384005, 9
1558496255.397909, 9
1558496255.411489, 4
1558496255.424546, 3
1558496255.437789, 3
1558496255.451343, 3
1558496255.465557, 3
1558496255.479431, 3
1558496255.494777, 4
1558496255.509163, 3
1558496255.523673, 5
1558496255.537224, 5
1558496255.550747, 5
1558496255.564333, 5
1558496255.578210, 5
1558496255.591569, 6
1558496255.605237, 5
1558496255.618399, 5
1558496255.631512, 7
1558496255.644663, 7
1558496255.658056, 6
1558496255.671320, 7
1558496255.684568, 7
1558496255.698038, 7
1558496255.712050, 7
1558496255.725311, 9
1558496255.738666, 10
1558496255.756517, 9
1558496255.778664, 9
1558496255.793034, 8
1558496255.806494, 9
1558496255.820051, 9
1558496255.834223, 9
1558496255.847891, 9
1558496255.861042, 9
1558496255.874299, 9
1558496255.888105, 10
1558496255.901654, 10
1558496255.915113, 10
1558496255.928411, 10
1558496255.941718, 10
1558496255.955108, 7
1558496255.968507, 3
1558496255.982074, 3
1558496255.995296, 4
1558496256.009062, 3
1558496256.022185, 4
1558496256.035396, 4
1558496256.048797, 4
1558496256.062616, 6
1558496256.075788, 5
1558496256.089577, 5
1558496256.103200, 5
1558496256.116544, 5
1558496256.130702, 5
1558496256.144307, 6
1558496256.157566, 7
1558496256.171516, 7
1558496256.184611, 7
1558496256.198030, 6
1558496256.211834, 6
1558496256.225773, 8
1558496256.239104, 8
1558496256.253023, 9
1558496256.266958, 9
1558496256.280836, 8
1558496256.296240, 9
1558496256.310293, 9
1558496256.324091, 9
1558496256.337887, 9
1558496256.356741, 10
1558496256.374648, 9
1558496256.388937, 9
1558496256.402569, 9
1558496256.416183, 9
1558496256.429556, 7
1558496256.443018, 4
1558496256.456704, 3
1558496256.470459, 3
1558496256.483850, 3
1558496256.498214, 3
1558496256.512140, 4
1558496256.527398, 4
1558496256.542466, 4
1558496256.556476, 5
1558496256.570311, 5
1558496256.584048, 6
1558496256.598165, 5
1558496256.612062, 5
1558496256.625829, 6
1558496256.639302, 5
1558496256.653142, 6
1558496256.667081, 8
1558496256.683320, 7
1558496256.697183, 8
1558496256.711229, 7
1558496256.725228, 8
1558496256.738525, 7
1558496256.752023, 8
1558496256.765576, 10
1558496256.778758, 10
1558496256.792452, 9
1558496256.806005, 9
1558496256.819958, 9
1558496256.833282, 10
1558496256.846621, 9
1558496256.859784, 9
1558496256.872881, 9
1558496256.886182, 8
1558496256.899761, 8
1558496256.913905, 8
1558496256.927399, 4
1558496256.941717, 3
1558496256.960655, 3
1558496256.979400, 2
1558496256.994115, 4
1558496257.008094, 4
1558496257.022106, 4
1558496257.035941, 5
1558496257.049048, 4
1558496257.062544, 6
1558496257.075984, 6
1558496257.089712, 5
1558496257.103492, 6
1558496257.117349, 5
1558496257.130892, 6
1558496257.144202, 5
1558496257.157595, 7
1558496257.170804, 7
1558496257.184098, 6
1558496257.197233, 7
1558496257.211069, 8
1558496257.224643, 7
1558496257.238249, 7
1558496257.251581, 8
1558496257.265978, 10
1558496257.279351, 9
1558496257.292821, 8
1558496257.306240, 9
1558496257.319467, 9
1558496257.332947, 9
1558496257.346179, 9
1558496257.359324, 9
1558496257.374102, 9
1558496257.387436, 9
1558496257.400988, 10
1558496257.414568, 9
1558496257.427913, 9
1558496257.441360, 9
1558496257.455190, 10
1558496257.469078, 2
1558496257.484997, 2
1558496257.498432, 3
1558496257.511798, 2
1558496257.526351, 3
1558496257.540242, 4
1558496257.559163, 5
1558496257.580964, 4
1558496257.598711, 5
1558496257.612612, 5
1558496257.626363, 5
1558496257.639619, 6
1558496257.653358, 7
1558496257.667116, 6
1558496257.681035, 6
1558496257.694462, 7
1558496257.707552, 6
1558496257.721451, 7
1558496257.734882, 8
1558496257.748071, 8
1558496257.761184, 8
1558496257.775438, 8
1558496257.788680, 9
1558496257.802292, 9
1558496257.815957, 8
1558496257.829887, 8
1558496257.843272, 9
1558496257.856857, 10
1558496257.871005, 9
1558496257.886222, 9
1558496257.900201, 10
1558496257.913860, 9
1558496257.927413, 9
1558496257.940994, 9
1558496257.954829, 9
1558496257.967877, 10
1558496257.981602, 10
1558496257.995030, 8
1558496258.008441, 3
1558496258.021840, 3
1558496258.035289, 2
1558496258.048778, 1
1558496258.062932, 3
1558496258.076236, 1
1558496258.089682, 3
1558496258.103065, 2
1558496258.116501, 1
1558496258.129889, 3
1558496258.143730, 1
1558496258.162610, 2
1558496258.182921, 2
1558496258.196892, 3
1558496258.211356, 3
1558496258.225579, 2
1558496258.238912, 3
1558496258.252186, 3
1558496258.265909, 4
1558496258.279120, 3
1558496258.292209, 6
1558496258.305694, 4
1558496258.319290, 5
1558496258.332845, 5
1558496258.346437, 5
1558496258.359792, 5
1558496258.373460, 5
1558496258.387331, 7
1558496258.400752, 6
1558496258.414249, 6
1558496258.427805, 7
1558496258.440963, 6
1558496258.454246, 8
1558496258.468138, 7
1558496258.481517, 8
1558496258.495016, 8
1558496258.508333, 8
1558496258.521515, 8
1558496258.534850, 8
1558496258.549064, 8
1558496258.562758, 8
1558496258.576804, 8
1558496258.590410, 10
1558496258.604814, 9
1558496258.620653, 9
1558496258.634557, 9
1558496258.648004, 9
1558496258.661834, 8
1558496258.675746, 3
1558496258.691139, 4
1558496258.704664, 4
1558496258.717957, 2
1558496258.731480, 3
1558496258.745800, 3
1558496258.765662, 3
1558496258.789019, 6
1558496258.802909, 5
1558496258.816529, 6
1558496258.829945, 5
1558496258.843963, 6
1558496258.857545, 5
1558496258.870894, 6
1558496258.884803, 5
1558496258.898408, 7
1558496258.912076, 6
1558496258.925297, 6
1558496258.938465, 7
1558496258.951921, 8
1558496258.965702, 7
1558496258.979203, 8
1558496258.992971, 10
1558496259.006495, 10
1558496259.020027, 8
1558496259.033896, 8
1558496259.048659, 9
1558496259.062630, 9
1558496259.076471, 9
1558496259.090372, 10
1558496259.105756, 9
1558496259.119653, 10
1558496259.133131, 10
1558496259.146477, 10
1558496259.159888, 10
1558496259.173347, 9
1558496259.187166, 10
1558496259.200986, 10
1558496259.215021, 9
1558496259.228839, 2
1558496259.242316, 3
1558496259.255653, 2
1558496259.268815, 1
1558496259.282170, 3
1558496259.295443, 1
1558496259.308671, 1
1558496259.322016, 3
1558496259.335789, 2
1558496259.358573, 2
1558496259.377847, 1
1558496259.392360, 2
1558496259.406134, 2
1558496259.419692, 3
1558496259.433016, 3
1558496259.447425, 3
1558496259.460852, 3
1558496259.474425, 4
1558496259.488234, 5
1558496259.501622, 5
1558496259.515247, 4
1558496259.528788, 5
1558496259.542350, 6
1558496259.556260, 5
1558496259.569620, 6
1558496259.583425, 6
1558496259.596582, 6
1558496259.609977, 7
1558496259.623378, 7
1558496259.636466, 7
1558496259.651339, 7
1558496259.665675, 7
1558496259.679810, 7
1558496259.693571, 7
1558496259.707027, 9
1558496259.720520, 9
1558496259.734468, 8
1558496259.747864, 8
1558496259.761293, 9
1558496259.775675, 8
1558496259.789223, 9
1558496259.802598, 9
1558496259.816414, 10
1558496259.829681, 8
1558496259.843460, 9
1558496259.857400, 9
1558496259.871217, 2
1558496259.885108, 2
1558496259.899232, 3
1558496259.913079, 2
1558496259.926562, 4
1558496259.940177, 3
1558496259.962023, 3
1558496259.980663, 5
1558496259.994495, 4
1558496260.008461, 6
1558496260.021760, 4
1558496260.035202, 5
1558496260.048980, 5
1558496260.062470, 5
1558496260.076312, 6
1558496260.089925, 6
1558496260.104507, 7
1558496260.118319, 8
1558496260.131876, 8
1558496260.145356, 7
1558496260.159189, 7
1558496260.173224, 8
1558496260.186614, 9
1558496260.199989, 8
1558496260.215140, 9
1558496260.229129, 9
1558496260.242558, 8
1558496260.256443, 8
1558496260.270338, 8
1558496260.284239, 8
1558496260.298134, 10
1558496260.311916, 9
1558496260.325551, 8
1558496260.339223, 9
1558496260.352708, 10
1558496260.366649, 9
1558496260.380309, 10
1558496260.393585, 9
1558496260.406804, 9
1558496260.420526, 2
1558496260.435205, 2
1558496260.448585, 4
1558496260.461912, 4
1558496260.475244, 4
1558496260.488708, 4
1558496260.503361, 4
1558496260.516874, 6
1558496260.530218, 5
1558496260.545081, 5
1558496260.563401, 5
1558496260.581854, 6
1558496260.595684, 6
1558496260.610366, 6
1558496260.624109, 7
1558496260.638121, 7
1558496260.651935, 7
1558496260.665568, 7
1558496260.679086, 8
1558496260.693372, 7
1558496260.707739, 8
1558496260.721962, 9
1558496260.735500, 9
1558496260.748868, 8
1558496260.763115, 9
1558496260.776313, 10
1558496260.789789, 10
1558496260.803124, 10
1558496260.816302, 9
1558496260.829668, 10
1558496260.843252, 9
1558496260.856451, 9
1558496260.870140, 10
1558496260.883947, 7
1558496260.898093, 3
1558496260.911134, 2
1558496260.924893, 3
1558496260.938017, 3
1558496260.951687, 4
1558496260.965573, 4
1558496260.978751, 4
1558496260.992651, 5
1558496261.006414, 5
1558496261.019718, 6
1558496261.032886, 5
1558496261.046233, 6
1558496261.060012, 5
1558496261.073882, 6
1558496261.088823, 6
1558496261.102731, 5
1558496261.115999, 6
1558496261.130852, 7
1558496261.144478, 6
1558496261.164393, 7
1558496261.183233, 7
1558496261.198346, 7
1558496261.212781, 9
1558496261.226572, 10
1558496261.240892, 8
1558496261.254429, 7
1558496261.268129, 9
1558496261.281327, 10
1558496261.294600, 9
1558496261.308105, 8
1558496261.321981, 10
1558496261.335351, 9
1558496261.348931, 9
1558496261.362570, 8
1558496261.375941, 10
1558496261.389218, 9
1558496261.402647, 9
1558496261.416445, 8
1558496261.429629, 3
1558496261.442813, 2
1558496261.456547, 3
1558496261.470471, 2
1558496261.484113, 3
1558496261.499707, 4
1558496261.513194, 4
1558496261.528772, 3
1558496261.542347, 5
1558496261.556459, 6
1558496261.569735, 5
1558496261.583241, 4
1558496261.596805, 6
1558496261.610407, 6
1558496261.623958, 6
1558496261.637076, 7
1558496261.650867, 7
1558496261.664189, 6
1558496261.678483, 7
1558496261.691742, 7
1558496261.705125, 8
1558496261.718993, 7
1558496261.733478, 8
1558496261.749356, 7
1558496261.768681, 8
1558496261.787777, 8
1558496261.801457, 7
1558496261.814974, 9
1558496261.829246, 10
1558496261.842873, 9
1558496261.857745, 10
1558496261.871339, 9
1558496261.884582, 9
1558496261.898439, 8
1558496261.911806, 9
1558496261.925286, 9
1558496261.938771, 10
1558496261.952140, 8
1558496261.966047, 3
1558496261.979599, 3
1558496261.993016, 1
1558496262.006722, 1
1558496262.020278, 3
1558496262.033756, 1
1558496262.046802, 2
1558496262.060213, 2
1558496262.073270, 1
1558496262.087146, 4
1558496262.100631, 2
1558496262.114019, 2
1558496262.127715, 2
1558496262.141507, 2
1558496262.154898, 3
1558496262.168474, 2
1558496262.181832, 2
1558496262.195295, 3
1558496262.208631, 4
1558496262.222156, 3
1558496262.235333, 3
1558496262.248517, 4
1558496262.262377, 5
1558496262.276793, 5
1558496262.291201, 5
1558496262.305581, 5
1558496262.320817, 5
1558496262.335042, 5
1558496262.348711, 6
1558496262.369013, 6
1558496262.388437, 6
1558496262.402768, 7
1558496262.416387, 7
1558496262.431298, 7
1558496262.445162, 8
1558496262.459158, 8
1558496262.472908, 9
1558496262.486096, 8
1558496262.499522, 8
1558496262.514609, 9
1558496262.528678, 9
1558496262.542036, 9
1558496262.556161, 9
1558496262.569534, 10
1558496262.583198, 9
1558496262.596864, 8
1558496262.610378, 9
1558496262.624514, 8
1558496262.637641, 6
1558496262.651481, 2
1558496262.665325, 3
1558496262.679492, 2
1558496262.693632, 4
1558496262.707944, 3
1558496262.722041, 3
1558496262.736449, 3
1558496262.749980, 5
1558496262.763389, 4
1558496262.778285, 5
1558496262.793041, 4
1558496262.807096, 6
1558496262.820688, 4
1558496262.834796, 6
1558496262.848107, 5
1558496262.861173, 8
1558496262.875257, 6
1558496262.889224, 7
1558496262.902487, 6
1558496262.915909, 8
1558496262.929165, 7
1558496262.942539, 7
1558496262.955998, 9
1558496262.969754, 10
1558496262.983506, 8
1558496262.997263, 9
1558496263.010533, 9
1558496263.023852, 9
1558496263.037574, 9
1558496263.050965, 8
1558496263.064558, 10
1558496263.078055, 8
1558496263.091626, 9
1558496263.105511, 9
1558496263.119291, 8
1558496263.132597, 6
1558496263.146237, 3
1558496263.159915, 3
1558496263.173118, 3
1558496263.186431, 4
1558496263.200841, 3
1558496263.214437, 3
1558496263.227790, 4
1558496263.241333, 4
1558496263.254928, 4
1558496263.268279, 4
1558496263.281871, 5
1558496263.295518, 5
1558496263.309081, 5
1558496263.322208, 6
1558496263.335619, 5
1558496263.348650, 7
1558496263.362493, 7
1558496263.376373, 6
1558496263.390237, 6
1558496263.403549, 8
1558496263.417107, 7
1558496263.431057, 7
1558496263.444443, 7
1558496263.457890, 9
1558496263.471941, 9
1558496263.486110, 7
1558496263.500527, 8
1558496263.514395, 8
1558496263.529685, 9
1558496263.543205, 9
1558496263.557094, 10
1558496263.570772, 9
1558496263.584909, 8
1558496263.598435, 8
1558496263.611686, 9
1558496263.624953, 6
1558496263.638262, 2
1558496263.651875, 2
1558496263.665211, 4
1558496263.678771, 3
1558496263.692576, 3
1558496263.706019, 2
1558496263.719975, 4
1558496263.733148, 3
1558496263.747067, 4
1558496263.760264, 4
1558496263.773919, 5
1558496263.787472, 6
1558496263.802497, 4
1558496263.817355, 6
1558496263.832445, 5
1558496263.847050, 6
1558496263.860899, 6
1558496263.874743, 8
1558496263.889675, 8
1558496263.903667, 7
1558496263.917236, 7
1558496263.931856, 7
1558496263.945526, 8
1558496263.958869, 8
1558496263.972323, 9
1558496263.985778, 9
1558496263.999066, 9
1558496264.013125, 9
1558496264.027534, 9
1558496264.040641, 8
1558496264.054536, 10
1558496264.067965, 9
1558496264.081525, 9
1558496264.094651, 10
1558496264.108059, 10
1558496264.121543, 10
1558496264.135015, 10
1558496264.149127, 9
1558496264.162568, 10
1558496264.176474, 6
1558496264.190273, 2
1558496264.203719, 2
1558496264.216943, 4
1558496264.230929, 4
1558496264.244755, 3
1558496264.257869, 5
1558496264.271489, 4
1558496264.284869, 7
1558496264.297960, 5
1558496264.312178, 6
1558496264.325543, 5
1558496264.339396, 7
1558496264.352961, 6
1558496264.366307, 5
1558496264.379758, 8
1558496264.393243, 6
1558496264.407041, 7
1558496264.420272, 7
1558496264.433434, 8
1558496264.447014, 7
1558496264.460241, 7
1558496264.473588, 8
1558496264.486967, 8
1558496264.500553, 9
1558496264.514267, 8
1558496264.528481, 9
1558496264.541915, 10
1558496264.555581, 9
1558496264.568942, 9
1558496264.582202, 10
1558496264.595456, 10
1558496264.608721, 8
1558496264.622619, 8
1558496264.635726, 8
1558496264.648840, 3
1558496264.662190, 2
1558496264.676077, 4
1558496264.690003, 2
1558496264.705335, 4
1558496264.719145, 3
1558496264.732398, 4
1558496264.745863, 4
1558496264.759084, 4
1558496264.772679, 5
1558496264.786039, 7
1558496264.799997, 5
1558496264.813228, 6
1558496264.826812, 6
1558496264.840062, 6
1558496264.854482, 5
1558496264.869645, 6
1558496264.884553, 7
1558496264.898265, 7
1558496264.911760, 7
1558496264.925523, 6
1558496264.939123, 7
1558496264.952550, 6
1558496264.965806, 7
1558496264.979772, 10
1558496264.993607, 9
1558496265.006979, 8
1558496265.020523, 9
1558496265.033728, 9
1558496265.046955, 10
1558496265.060211, 9
1558496265.074174, 9
1558496265.088485, 9
1558496265.102373, 10
1558496265.118015, 9
1558496265.132605, 9
1558496265.146630, 10
1558496265.159754, 9
1558496265.173432, 8
1558496265.186948, 3
1558496265.200579, 2
1558496265.214462, 3
1558496265.227869, 2
1558496265.241287, 4
1558496265.254542, 4
1558496265.267828, 5
1558496265.281364, 4
1558496265.294491, 5
1558496265.307963, 5
1558496265.321675, 6
1558496265.335027, 5
1558496265.348726, 5
1558496265.362232, 6
1558496265.375826, 6
1558496265.390151, 7
1558496265.403612, 6
1558496265.416910, 7
1558496265.430204, 7
1558496265.443782, 7
1558496265.457198, 7
1558496265.470755, 7
1558496265.484048, 8
1558496265.497295, 9
1558496265.510866, 8
1558496265.525711, 8
1558496265.538840, 8
1558496265.552327, 8
1558496265.566473, 9
1558496265.579988, 8
1558496265.593583, 9
1558496265.607339, 9
1558496265.620980, 9
1558496265.634429, 9
1558496265.647853, 8
1558496265.661100, 2
1558496265.674290, 2
1558496265.687628, 4
1558496265.700988, 3
1558496265.714466, 3
1558496265.727527, 3
1558496265.740702, 4
1558496265.754385, 3
1558496265.767794, 5
1558496265.781317, 4
1558496265.795689, 5
1558496265.809214, 6
1558496265.822894, 5
1558496265.836093, 5
1558496265.849471, 6
1558496265.862998, 7
1558496265.876980, 6
1558496265.891240, 7
1558496265.905611, 6
1558496265.921971, 7
1558496265.936498, 7
1558496265.949770, 7
1558496265.963263, 8
1558496265.976888, 8
1558496265.990013, 9
1558496266.003340, 9
1558496266.017062, 8
1558496266.030764, 8
1558496266.043981, 8
1558496266.057230, 9
1558496266.070660, 9
1558496266.084141, 9
1558496266.098010, 9
1558496266.111901, 8
1558496266.125858, 8
1558496266.139432, 10
1558496266.152589, 9
1558496266.165940, 8
1558496266.179677, 10
1558496266.193397, 7
1558496266.207330, 3
1558496266.221116, 3
1558496266.235514, 3
1558496266.249123, 4
1558496266.262550, 4
1558496266.276868, 4
1558496266.290463, 5
1558496266.304160, 6
1558496266.318619, 5
1558496266.332490, 4
1558496266.346001, 6
1558496266.359606, 5
1558496266.372978, 6
1558496266.386048, 5
1558496266.400028, 8
1558496266.413525, 7
1558496266.427171, 7
1558496266.440567, 7
1558496266.453918, 7
1558496266.467203, 7
1558496266.480200, 7
1558496266.493975, 6
1558496266.507441, 9
1558496266.520568, 8
1558496266.534436, 8
1558496266.548375, 7
1558496266.562101, 9
1558496266.575588, 10
1558496266.589526, 9
1558496266.602691, 9
1558496266.616161, 10
1558496266.629621, 8
1558496266.642873, 8
1558496266.656233, 9
1558496266.669863, 5
1558496266.683251, 2
1558496266.696498, 2
1558496266.709881, 3
1558496266.723103, 2
1558496266.736360, 4
1558496266.750316, 3
1558496266.763860, 4
1558496266.777837, 3
1558496266.791033, 5
1558496266.804989, 5
1558496266.818226, 5
1558496266.831722, 5
1558496266.845015, 5
1558496266.858588, 5
1558496266.872820, 6
1558496266.887325, 5
1558496266.901301, 6
1558496266.914878, 8
1558496266.928320, 7
1558496266.942789, 6
1558496266.958703, 8
1558496266.972561, 7
1558496266.986217, 6
1558496266.999793, 8
1558496267.013265, 9
1558496267.026420, 8
1558496267.039894, 8
1558496267.053183, 9
1558496267.066580, 10
1558496267.080449, 9
1558496267.094355, 9
1558496267.108383, 9
1558496267.123593, 10
1558496267.137345, 10
1558496267.150879, 8
1558496267.164569, 9
1558496267.178355, 10
1558496267.191631, 9
1558496267.204786, 7
1558496267.218067, 3
1558496267.231177, 2
1558496267.244811, 3
1558496267.257974, 2
1558496267.271807, 4
1558496267.285156, 3
1558496267.298527, 5
1558496267.312238, 4
1558496267.326253, 5
1558496267.339932, 4
1558496267.353375, 5
1558496267.367801, 5
1558496267.381592, 5
1558496267.394915, 7
1558496267.408648, 6
1558496267.422610, 7
1558496267.436313, 6
1558496267.449430, 7
1558496267.463168, 7
1558496267.476713, 7
1558496267.490500, 7
1558496267.504513, 8
1558496267.517886, 8
1558496267.531323, 9
1558496267.545936, 7
1558496267.559884, 10
1558496267.587766, 8
1558496267.601321, 8
1558496267.614806, 10
1558496267.628054, 9
1558496267.641271, 8
1558496267.655037, 8
1558496267.668597, 9
1558496267.682140, 3
1558496267.695447, 2
1558496267.709036, 2
1558496267.722424, 2
1558496267.735710, 3
1558496267.749584, 4
1558496267.763790, 3
1558496267.777197, 3
1558496267.791232, 5
1558496267.804861, 4
1558496267.817892, 5
1558496267.831261, 5
1558496267.844549, 5
1558496267.857966, 5
1558496267.871993, 5
1558496267.885239, 5
1558496267.899166, 7
1558496267.912259, 6
1558496267.925339, 7
1558496267.938584, 7
1558496267.951824, 7
1558496267.965451, 7
1558496267.980410, 6
1558496267.995267, 7
1558496268.009787, 8
1558496268.024256, 9
1558496268.037638, 10
1558496268.050920, 8
1558496268.064987, 9
1558496268.078165, 9
1558496268.092133, 8
1558496268.105213, 8
1558496268.118701, 10
1558496268.132035, 9
1558496268.145244, 7
1558496268.158649, 9
1558496268.172389, 8
1558496268.185775, 4
1558496268.199116, 2
1558496268.212858, 2
1558496268.226550, 4
1558496268.239938, 3
1558496268.253220, 3
1558496268.266368, 4
1558496268.280076, 3
1558496268.293938, 5
1558496268.307583, 4
1558496268.321345, 6
1558496268.334702, 4
1558496268.348317, 6
1558496268.362174, 5
1558496268.375756, 5
1558496268.389785, 6
1558496268.403604, 6
1558496268.417634, 6
1558496268.431242, 7
1558496268.444775, 8
1558496268.458174, 7
1558496268.471750, 8
1558496268.485126, 8
1558496268.498566, 8
1558496268.512657, 8
1558496268.527978, 9
1558496268.541801, 9
1558496268.555329, 8
1558496268.569144, 8
1558496268.582344, 9
1558496268.596116, 9
1558496268.609569, 9
1558496268.622835, 10
1558496268.636646, 9
1558496268.650027, 8
1558496268.663516, 10
1558496268.677111, 9
1558496268.690854, 7
1558496268.705305, 2
1558496268.718980, 2
1558496268.732222, 2
1558496268.746298, 2
1558496268.759605, 4
1558496268.772991, 4
1558496268.786056, 5
1558496268.799748, 4
1558496268.813405, 4
1558496268.826921, 6
1558496268.841087, 5
1558496268.856119, 5
1558496268.869467, 6
1558496268.882716, 6
1558496268.896071, 7
1558496268.909208, 6
1558496268.923189, 7
1558496268.936523, 8
1558496268.949861, 7
1558496268.964806, 7
1558496268.978247, 8
1558496268.991624, 7
1558496269.005740, 7
1558496269.020118, 7
1558496269.036041, 8
1558496269.050357, 9
1558496269.064219, 7
1558496269.077581, 9
1558496269.091444, 10
1558496269.104752, 10
1558496269.118208, 9
1558496269.131852, 10
1558496269.145004, 9
1558496269.158206, 10
1558496269.172153, 9
1558496269.186623, 10
1558496269.200485, 3
1558496269.214028, 2
1558496269.227397, 4
1558496269.240892, 3
1558496269.254227, 4
1558496269.267778, 3
1558496269.281347, 4
1558496269.295254, 4
1558496269.309113, 5
1558496269.322258, 4
1558496269.335986, 6
1558496269.349803, 5
1558496269.363217, 5
1558496269.376363, 6
1558496269.389767, 6
1558496269.402933, 6
1558496269.416489, 7
1558496269.429704, 7
1558496269.443112, 7
1558496269.456995, 7
1558496269.470342, 7
1558496269.483911, 7
1558496269.498182, 6
1558496269.512908, 8
1558496269.528517, 8
1558496269.541760, 10
1558496269.555732, 8
1558496269.568744, 7
1558496269.582354, 9
1558496269.595832, 9
1558496269.609234, 9
1558496269.623594, 8
1558496269.637397, 9
1558496269.651177, 10
1558496269.664512, 10
1558496269.678876, 10
1558496269.692488, 9
1558496269.706507, 2
1558496269.720085, 2
1558496269.733873, 4
1558496269.747091, 2
1558496269.760320, 4
1558496269.773770, 3
1558496269.787305, 4
1558496269.800513, 4
1558496269.813764, 4
1558496269.827363, 4
1558496269.841586, 6
1558496269.854986, 4
1558496269.869615, 5
1558496269.883485, 5
1558496269.897349, 5
1558496269.911196, 6
1558496269.924793, 6
1558496269.938390, 7
1558496269.952618, 6
1558496269.965975, 7
1558496269.979053, 7
1558496269.992685, 7
1558496270.006044, 7
1558496270.019505, 7
1558496270.032959, 10
1558496270.046367, 9
1558496270.061746, 9
1558496270.076808, 9
1558496270.090773, 9
1558496270.104268, 9
1558496270.117794, 9
1558496270.131065, 9
1558496270.145197, 9
1558496270.159391, 9
1558496270.172925, 9
1558496270.186431, 9
1558496270.200288, 8
1558496270.214411, 2
1558496270.227909, 2
1558496270.241347, 2
1558496270.254729, 4
1558496270.268204, 3
1558496270.281717, 4
1558496270.295207, 3
1558496270.308403, 5
1558496270.321903, 4
1558496270.335693, 5
1558496270.348998, 5
1558496270.362766, 5
1558496270.376131, 5
1558496270.389934, 5
1558496270.403498, 6
1558496270.416599, 7
1558496270.430520, 6
1558496270.443624, 7
1558496270.457001, 6
1558496270.470800, 8
1558496270.484170, 7
1558496270.498398, 7
1558496270.512002, 8
1558496270.526436, 9
1558496270.540130, 9
1558496270.553542, 8
1558496270.566920, 9
1558496270.580093, 8
1558496270.593902, 10
1558496270.609025, 9
1558496270.623221, 8
1558496270.636831, 10
1558496270.650401, 9
1558496270.663797, 10
1558496270.677168, 9
1558496270.691039, 9
1558496270.705405, 10
1558496270.718976, 9
1558496270.734764, 10
1558496270.748117, 9
1558496270.761634, 2
1558496270.775766, 2
1558496270.789315, 4
1558496270.803055, 3
1558496270.816272, 3
1558496270.829521, 5
1558496270.842744, 5
1558496270.856066, 5
1558496270.869329, 5
1558496270.882708, 5
1558496270.895885, 5
1558496270.909011, 6
1558496270.922513, 6
1558496270.936087, 5
1558496270.949519, 8
1558496270.963261, 7
1558496270.976536, 7
1558496270.989815, 7
1558496271.003208, 6
1558496271.016309, 8
1558496271.029323, 7
1558496271.043700, 8
1558496271.057170, 8
1558496271.070263, 9
1558496271.084594, 8
1558496271.099368, 9
1558496271.117704, 9
1558496271.133062, 10
1558496271.146745, 9
1558496271.160025, 10
1558496271.173217, 8
1558496271.186403, 9
1558496271.199934, 8
1558496271.213564, 6
1558496271.227023, 3
1558496271.241052, 2
1558496271.254427, 3
1558496271.267839, 3
1558496271.281630, 3
1558496271.295131, 4
1558496271.308174, 4
1558496271.321402, 3
1558496271.334703, 5
1558496271.348152, 4
1558496271.361692, 5
1558496271.375230, 5
1558496271.389177, 6
1558496271.402707, 5
1558496271.416071, 6
1558496271.429587, 6
1558496271.443114, 7
1558496271.457044, 7
1558496271.470400, 7
1558496271.485094, 6
1558496271.498479, 7
1558496271.511642, 8
1558496271.526547, 7
1558496271.539937, 7
1558496271.553144, 8
1558496271.567147, 10
1558496271.580266, 8
1558496271.593812, 7
1558496271.607186, 9
1558496271.620609, 10
1558496271.633783, 9
1558496271.647016, 9
1558496271.660571, 9
1558496271.674288, 10
1558496271.687876, 9
1558496271.701215, 10
1558496271.715279, 9
1558496271.728746, 3
1558496271.742309, 2
1558496271.756129, 4
1558496271.769669, 3
1558496271.782967, 3
1558496271.796921, 3
1558496271.811039, 4
1558496271.824588, 3
1558496271.838305, 4
1558496271.852039, 4
1558496271.865754, 6
1558496271.879561, 5
1558496271.893536, 6
1558496271.907500, 4
1558496271.924358, 6
1558496271.938557, 5
1558496271.952817, 7
1558496271.966558, 6
1558496271.980215, 7
1558496271.993659, 6
1558496272.007728, 8
1558496272.021113, 7
1558496272.035477, 8
1558496272.048548, 7
1558496272.062431, 10
1558496272.076302, 9
1558496272.090089, 9
1558496272.103609, 8
1558496272.116940, 10
1558496272.130383, 9
1558496272.144767, 9
1558496272.160124, 10
1558496272.174584, 9
1558496272.188571, 9
1558496272.202215, 9
1558496272.215886, 10
1558496272.229269, 3
1558496272.242506, 3
1558496272.255955, 3
1558496272.269333, 3
1558496272.283239, 4
1558496272.297657, 4
1558496272.311558, 4
1558496272.325781, 3
1558496272.339330, 5
1558496272.352777, 5
1558496272.366386, 6
1558496272.380670, 4
1558496272.394506, 6
1558496272.407732, 6
1558496272.420964, 5
1558496272.434431, 5
1558496272.448031, 7
1558496272.461997, 8
1558496272.475581, 7
1558496272.489322, 6
1558496272.502938, 8
1558496272.516752, 7
1558496272.530218, 8
1558496272.543896, 8
1558496272.557713, 9
1558496272.571459, 9
1558496272.585986, 8
1558496272.599455, 9
1558496272.613009, 8
1558496272.626457, 9
1558496272.639690, 9
1558496272.653040, 9
1558496272.666372, 10
1558496272.680666, 9
1558496272.693736, 9
1558496272.706944, 9
1558496272.720970, 8
1558496272.734333, 2
1558496272.747860, 2
1558496272.761010, 3
1558496272.774317, 2
1558496272.787568, 3
1558496272.801204, 3
1558496272.814360, 4
1558496272.827671, 4
1558496272.840859, 4
1558496272.854042, 3
1558496272.867088, 5
1558496272.880419, 6
1558496272.893613, 5
1558496272.906975, 5
1558496272.920510, 6
1558496272.933641, 7
1558496272.947146, 6
1558496272.960633, 6
1558496272.974217, 7
1558496272.987781, 8
1558496273.000977, 7
1558496273.015017, 7
1558496273.028286, 8
1558496273.041575, 7
1558496273.054793, 9
1558496273.068306, 9
1558496273.081388, 10
1558496273.095060, 8
1558496273.109036, 9
1558496273.122959, 8
1558496273.136754, 9
1558496273.150637, 10
1558496273.164494, 10
1558496273.178356, 8
1558496273.193234, 10
1558496273.207396, 10
1558496273.222215, 9
1558496273.235507, 6
1558496273.248904, 2
1558496273.262372, 2
1558496273.275501, 3
1558496273.288693, 3
1558496273.301871, 3
1558496273.315781, 4
1558496273.329216, 4
1558496273.342741, 4
1558496273.356239, 4
1558496273.370697, 5
1558496273.384044, 5
1558496273.397088, 5
1558496273.410222, 6
1558496273.423931, 7
1558496273.438391, 7
1558496273.453031, 6
1558496273.466611, 7
1558496273.480004, 7
1558496273.493961, 8
1558496273.507761, 6
1558496273.521660, 8
1558496273.535224, 7
1558496273.548991, 7
1558496273.562828, 8
1558496273.576379, 8
1558496273.590413, 9
1558496273.603482, 9
1558496273.616788, 8
1558496273.630218, 9
1558496273.643824, 9
1558496273.657601, 9
1558496273.671671, 9
1558496273.685116, 10
1558496273.698389, 8
1558496273.712084, 9
1558496273.725588, 9
1558496273.739010, 6
1558496273.752252, 2
1558496273.765976, 2
1558496273.779395, 3
1558496273.792762, 2
1558496273.806125, 3
1558496273.819996, 5
1558496273.833571, 4
1558496273.847139, 4
1558496273.860682, 5
1558496273.874215, 7
1558496273.888825, 5
1558496273.902579, 5
1558496273.916026, 6
1558496273.930089, 6
1558496273.943937, 6
1558496273.957233, 7
1558496273.971001, 8
1558496273.984794, 8
1558496273.999133, 7
1558496274.012793, 6
1558496274.026644, 8
1558496274.040293, 8
1558496274.053707, 7
1558496274.067493, 7
1558496274.081240, 10
1558496274.094484, 9
1558496274.108493, 8
1558496274.122131, 9
1558496274.135315, 10
1558496274.149129, 9
1558496274.162348, 9
1558496274.175357, 10
1558496274.188661, 9
1558496274.202040, 10
1558496274.216135, 9
1558496274.230528, 8
1558496274.244966, 9
1558496274.258836, 9
1558496274.272390, 6
1558496274.285895, 3
1558496274.299817, 2
1558496274.313384, 2
1558496274.328579, 4
1558496274.342132, 4
1558496274.355345, 4
1558496274.369192, 5
1558496274.382559, 5
1558496274.396104, 5
1558496274.409603, 5
1558496274.422746, 5
1558496274.436522, 5
1558496274.449926, 5
1558496274.463451, 7
1558496274.476961, 6
1558496274.490510, 7
1558496274.504235, 7
1558496274.517408, 6
1558496274.531535, 8
1558496274.546086, 7
1558496274.559500, 7
1558496274.572815, 8
1558496274.586639, 9
1558496274.600111, 8
1558496274.613468, 7
1558496274.626586, 9
1558496274.640010, 8
1558496274.653691, 8
1558496274.666838, 9
1558496274.680791, 9
1558496274.694735, 9
1558496274.709072, 9
1558496274.723053, 9
1558496274.736657, 10
1558496274.749931, 10
1558496274.764456, 9
1558496274.778015, 8
1558496274.791148, 10
1558496274.804261, 7
1558496274.817994, 2
1558496274.831939, 2
1558496274.845254, 2
1558496274.859065, 3
1558496274.873181, 3
1558496274.886228, 4
1558496274.899610, 3
1558496274.913014, 5
1558496274.926142, 4
1558496274.939328, 4
1558496274.952869, 4
1558496274.965872, 5
1558496274.979748, 5
1558496274.994115, 6
1558496275.007827, 5
1558496275.021893, 7
1558496275.035332, 6
1558496275.048414, 6
1558496275.061843, 8
1558496275.075206, 8
1558496275.089583, 7
1558496275.103110, 8
1558496275.116817, 8
1558496275.130328, 8
1558496275.144172, 8
1558496275.157681, 7
1558496275.171119, 9
1558496275.184600, 9
1558496275.199029, 10
1558496275.213010, 7
1558496275.226497, 8
1558496275.240083, 9
1558496275.254034, 8
1558496275.268150, 2
1558496275.283177, 3
1558496275.297748, 4
1558496275.311655, 3
1558496275.325615, 3
1558496275.339379, 4
1558496275.352852, 5
1558496275.366544, 4
1558496275.380086, 4
1558496275.393478, 5
1558496275.406821, 6
1558496275.422129, 5
1558496275.435147, 5
1558496275.448853, 5
1558496275.462837, 7
1558496275.476101, 6
1558496275.489646, 6
1558496275.503986, 7
1558496275.518408, 7
1558496275.534800, 7
1558496275.548549, 6
1558496275.562003, 8
1558496275.575383, 7
1558496275.588854, 7
1558496275.602046, 9
1558496275.615265, 8
1558496275.628594, 8
1558496275.641990, 8
1558496275.655330, 8
1558496275.669028, 10
1558496275.682401, 9
1558496275.695884, 9
1558496275.709183, 10
1558496275.722860, 9
1558496275.736311, 9
1558496275.749531, 9
1558496275.762844, 9
1558496275.776355, 3
1558496275.789744, 2
1558496275.802841, 4
1558496275.816053, 2
1558496275.829690, 3
1558496275.843353, 3
1558496275.857648, 3
1558496275.871167, 5
1558496275.884749, 4
1558496275.898664, 7
1558496275.913050, 5
1558496275.927104, 5
1558496275.940736, 6
1558496275.953901, 5
1558496275.967286, 6
1558496275.980570, 6
1558496275.993954, 6
1558496276.007351, 8
1558496276.020476, 7
1558496276.033942, 6
1558496276.047092, 8
1558496276.060456, 7
1558496276.073942, 7
1558496276.087883, 8
1558496276.101693, 10
1558496276.115079, 9
1558496276.128633, 8
1558496276.141960, 8
1558496276.155055, 8
1558496276.168432, 10
1558496276.181952, 10
1558496276.195503, 9
1558496276.209011, 10
1558496276.222886, 10
1558496276.235991, 9
1558496276.249342, 8
1558496276.262955, 10
1558496276.276943, 10
1558496276.291679, 9
1558496276.306604, 2
1558496276.321965, 2
1558496276.336073, 3
1558496276.350100, 2
1558496276.363702, 4
1558496276.376981, 3
1558496276.390206, 5
1558496276.403628, 5
1558496276.417072, 4
1558496276.430487, 5
1558496276.443826, 5
1558496276.457460, 5
1558496276.471044, 6
1558496276.484825, 5
1558496276.498217, 6
1558496276.511758, 7
1558496276.526053, 6
1558496276.539829, 7
1558496276.553144, 8
1558496276.567127, 7
1558496276.581318, 6
1558496276.594932, 7
1558496276.608178, 9
1558496276.622828, 8
1558496276.636321, 8
1558496276.649843, 8
1558496276.663205, 9
1558496276.676745, 8
1558496276.689931, 8
1558496276.703628, 10
1558496276.717531, 10
1558496276.732140, 9
1558496276.745965, 10
1558496276.759314, 9
1558496276.772744, 10
1558496276.785943, 9
1558496276.799226, 9
1558496276.812899, 10
1558496276.826122, 10
1558496276.840231, 2
1558496276.853518, 4
1558496276.866702, 3
1558496276.880260, 3
1558496276.893649, 2
1558496276.907118, 4
1558496276.920586, 3
1558496276.933836, 4
1558496276.948188, 4
1558496276.962054, 4
1558496276.975746, 5
1558496276.989272, 5
1558496277.002948, 5
1558496277.016754, 7
1558496277.029975, 6
1558496277.043079, 7
1558496277.056454, 6
1558496277.070188, 7
1558496277.083606, 6
1558496277.097565, 8
1558496277.111338, 8
1558496277.125219, 9
1558496277.139164, 8
1558496277.153019, 7
1558496277.166917, 8
1558496277.180975, 7
1558496277.194485, 9
1558496277.207735, 8
1558496277.221094, 9
1558496277.234858, 7
1558496277.248431, 7
1558496277.261404, 8
1558496277.275795, 8
1558496277.289429, 6
1558496277.302858, 2
1558496277.316829, 1
1558496277.330147, 3
1558496277.343567, 2
1558496277.358907, 3
1558496277.373342, 3
1558496277.386914, 3
1558496277.400796, 4
1558496277.414468, 5
1558496277.427608, 4
1558496277.440744, 4
1558496277.453946, 5
1558496277.467085, 5
1558496277.480305, 6
1558496277.493627, 5
1558496277.507363, 6
1558496277.520721, 7
1558496277.534020, 6
1558496277.549372, 5
1558496277.562724, 6
1558496277.576467, 7
1558496277.590416, 7
1558496277.605039, 7
1558496277.618281, 7
1558496277.631754, 8
1558496277.645427, 8
1558496277.659056, 8
1558496277.672197, 8
1558496277.685303, 9
1558496277.698381, 8
1558496277.712831, 8
1558496277.726802, 9
1558496277.740124, 7
1558496277.754097, 9
1558496277.767156, 8
1558496277.780561, 6
1558496277.793826, 2
1558496277.807394, 2
1558496277.820750, 4
1558496277.834156, 3
1558496277.847740, 4
1558496277.860960, 3
1558496277.874131, 5
1558496277.887540, 4
1558496277.901500, 5
1558496277.915121, 5
1558496277.929236, 5
1558496277.942822, 5
1558496277.956756, 6
1558496277.971569, 5
1558496277.985138, 7
1558496277.998287, 6
1558496278.011973, 7
1558496278.026349, 7
1558496278.040086, 8
1558496278.054264, 7
1558496278.068351, 6
1558496278.081880, 7
1558496278.095370, 7
1558496278.109215, 8
1558496278.122774, 9
1558496278.136677, 8
1558496278.151861, 8
1558496278.165425, 7
1558496278.178842, 9
1558496278.192368, 9
1558496278.206254, 9
1558496278.219847, 9
1558496278.233416, 10
1558496278.246994, 9
1558496278.260197, 9
1558496278.273964, 10
1558496278.287249, 7
1558496278.301102, 2
1558496278.314715, 2
1558496278.328427, 3
1558496278.343779, 4
1558496278.357708, 3
1558496278.371477, 5
1558496278.386393, 3
1558496278.401828, 4
1558496278.415674, 5
1558496278.429192, 5
1558496278.442512, 4
1558496278.455549, 6
1558496278.469477, 5
1558496278.483208, 5
1558496278.496614, 5
1558496278.510041, 7
1558496278.524165, 8
1558496278.537648, 6
1558496278.551178, 6
1558496278.564569, 7
1558496278.578351, 8
1558496278.592779, 7
1558496278.605895, 7
1558496278.619277, 7
1558496278.632803, 9
1558496278.646056, 7
1558496278.659360, 9
1558496278.672930, 8
1558496278.686200, 9
1558496278.700964, 9
1558496278.714667, 9
1558496278.728166, 10
1558496278.741771, 9
1558496278.755432, 10
1558496278.768594, 9
1558496278.781835, 9
1558496278.795536, 9
1558496278.809418, 9
1558496278.824774, 8
1558496278.838851, 3
1558496278.852208, 2
1558496278.865837, 3
1558496278.879109, 3
1558496278.892605, 4
1558496278.905718, 4
1558496278.920304, 4
1558496278.933368, 5
1558496278.946850, 5
1558496278.960733, 5
1558496278.974654, 5
1558496278.988679, 6
1558496279.002408, 5
1558496279.015621, 7
1558496279.029267, 6
1558496279.042651, 7
1558496279.056186, 7
1558496279.069715, 7
1558496279.083564, 7
1558496279.096958, 7
1558496279.111304, 7
1558496279.125719, 9
1558496279.140651, 9
1558496279.154341, 8
1558496279.167928, 9
1558496279.181512, 9
1558496279.195013, 8
1558496279.208353, 8
1558496279.221933, 9
1558496279.235000, 10
1558496279.249487, 9
1558496279.263236, 8
1558496279.276790, 9
1558496279.290050, 8
1558496279.303483, 3
1558496279.317589, 2
1558496279.330955, 3
1558496279.344325, 3
1558496279.357535, 3
1558496279.370858, 2
1558496279.384060, 4
1558496279.397596, 3
1558496279.411183, 5
1558496279.425935, 4
1558496279.441329, 5
1558496279.455737, 6
1558496279.469328, 5
1558496279.483302, 6
1558496279.496662, 6
1558496279.511110, 7
1558496279.525932, 6
1558496279.540046, 8
1558496279.553680, 6
1558496279.567506, 7
1558496279.581053, 7
1558496279.594577, 8
1558496279.607708, 8
1558496279.621188, 9
1558496279.634635, 8
1558496279.648266, 8
1558496279.661743, 9
1558496279.675182, 8
1558496279.688557, 8
1558496279.701850, 9
1558496279.716167, 10
1558496279.729447, 9
1558496279.742728, 9
1558496279.756149, 10
1558496279.769758, 10
1558496279.783834, 10
1558496279.797817, 9
1558496279.811037, 9
1558496279.824825, 10
1558496279.839045, 4
1558496279.852636, 2
1558496279.866191, 2
1558496279.880102, 3
1558496279.893542, 3
1558496279.907191, 4
1558496279.920787, 4
1558496279.934043, 3
1558496279.948158, 5
1558496279.962622, 4
1558496279.976270, 5
1558496279.989304, 4
1558496280.002565, 5
1558496280.017000, 5
1558496280.030880, 6
1558496280.044563, 6
1558496280.057845, 7
1558496280.071006, 6
1558496280.084695, 7
1558496280.099032, 7
1558496280.112907, 8
1558496280.127304, 7
1558496280.141346, 8
1558496280.155257, 10
1558496280.169545, 9
1558496280.183838, 8
1558496280.197688, 8
1558496280.217508, 9
1558496280.237437, 9
1558496280.252043, 9
1558496280.268079, 9
1558496280.281963, 9
1558496280.296122, 8
1558496280.309786, 8
1558496280.323749, 8
1558496280.337585, 2
1558496280.351339, 3
1558496280.364770, 2
1558496280.378627, 3
1558496280.392604, 4
1558496280.406267, 4
1558496280.420881, 4
1558496280.434464, 5
1558496280.449385, 5
1558496280.464155, 5
1558496280.480051, 5
1558496280.494182, 6
1558496280.508004, 5
1558496280.521358, 5
1558496280.535304, 6
1558496280.550500, 6
1558496280.564318, 7
1558496280.577486, 7
1558496280.590791, 6
1558496280.604893, 8
1558496280.618947, 7
1558496280.632179, 7
1558496280.645918, 7
1558496280.659690, 9
1558496280.672961, 8
1558496280.686217, 9
1558496280.700564, 9
1558496280.714378, 10
1558496280.728265, 9
1558496280.742442, 9
1558496280.756231, 9
1558496280.769621, 10
1558496280.783605, 9
1558496280.797021, 9
1558496280.810397, 9
1558496280.824323, 10
1558496280.837719, 9
1558496280.851559, 9
1558496280.865152, 9
1558496280.878543, 6
1558496280.891922, 2
1558496280.905396, 3
1558496280.918968, 3
1558496280.933575, 3
1558496280.947709, 3
1558496280.962574, 4
1558496280.976845, 5
1558496280.990749, 5
1558496281.004591, 5
1558496281.018457, 6
1558496281.032371, 6
1558496281.046081, 6
1558496281.059340, 6
1558496281.073030, 8
1558496281.086870, 7
1558496281.100309, 6
1558496281.114087, 7
1558496281.127693, 7
1558496281.141928, 8
1558496281.156152, 8
1558496281.170018, 7
1558496281.183388, 10
1558496281.197322, 7
1558496281.211119, 8
1558496281.224841, 7
1558496281.238128, 7
1558496281.251988, 6
1558496281.265662, 3
1558496281.279546, 1
1558496281.293627, 3
1558496281.307360, 2
1558496281.320993, 3
1558496281.334394, 4
1558496281.347829, 4
1558496281.361864, 3
1558496281.375565, 5
1558496281.389157, 4
1558496281.402755, 5
1558496281.417225, 4
1558496281.432469, 5
1558496281.445923, 4
1558496281.459522, 6
1558496281.473313, 6
1558496281.486604, 7
1558496281.500520, 6
1558496281.515640, 7
1558496281.529734, 8
1558496281.544662, 8
1558496281.562578, 7
1558496281.576091, 8
1558496281.589390, 9
1558496281.602737, 8
1558496281.616361, 8
1558496281.629822, 8
1558496281.643305, 9
1558496281.656493, 8
1558496281.669787, 8
1558496281.683075, 10
1558496281.696568, 10
1558496281.710062, 9
1558496281.723408, 8
1558496281.736780, 9
1558496281.750219, 6
1558496281.764584, 2
1558496281.778073, 3
1558496281.791454, 3
1558496281.805024, 2
1558496281.818600, 3
1558496281.832179, 3
1558496281.846216, 3
1558496281.859712, 4
1558496281.874808, 4
1558496281.888793, 4
1558496281.902705, 4
1558496281.916976, 6
1558496281.931321, 5
1558496281.945720, 5
1558496281.959595, 6
1558496281.973172, 6
1558496281.986644, 7
1558496281.999901, 6
1558496282.014632, 6
1558496282.028614, 8
1558496282.042295, 7
1558496282.056389, 8
1558496282.070128, 9
1558496282.083573, 9
1558496282.097593, 9
1558496282.111038, 9
1558496282.124398, 8
1558496282.138272, 9
1558496282.151939, 9
1558496282.165742, 8
1558496282.180088, 10
1558496282.193427, 9
1558496282.207186, 8
1558496282.220733, 8
1558496282.234324, 9
1558496282.248262, 3
1558496282.261618, 2
1558496282.275597, 3
1558496282.289553, 2
1558496282.303007, 4
1558496282.316518, 3
1558496282.330618, 4
1558496282.343936, 4
1558496282.357358, 4
1558496282.370805, 4
1558496282.384320, 5
1558496282.397794, 5
1558496282.411100, 5
1558496282.424960, 5
1558496282.438560, 5
1558496282.452813, 5
1558496282.467369, 7
1558496282.480917, 6
1558496282.494712, 8
1558496282.508164, 8
1558496282.523551, 8
1558496282.537431, 7
1558496282.552319, 10
1558496282.584782, 9
1558496282.598753, 9
1558496282.613033, 7
1558496282.627403, 8
1558496282.641803, 8
1558496282.655581, 9
1558496282.669346, 8
1558496282.683093, 10
1558496282.697402, 10
1558496282.711253, 8
1558496282.725091, 10
1558496282.739119, 10
1558496282.754401, 10
1558496282.768199, 9
1558496282.782120, 9
1558496282.795810, 10
1558496282.809282, 3
1558496282.823600, 3
1558496282.837568, 2
1558496282.851142, 2
1558496282.864665, 1
1558496282.878030, 1
1558496282.892026, 2
1558496282.905653, 1
1558496282.918883, 2
1558496282.933560, 3
1558496282.948070, 1
1558496282.962053, 4
1558496282.975628, 1
1558496282.989515, 3
1558496283.003023, 2
1558496283.016608, 3
1558496283.031075, 2
1558496283.044520, 2
1558496283.057855, 2
1558496283.072974, 4
1558496283.087014, 4
1558496283.101346, 4
1558496283.115268, 5
1558496283.129147, 5
1558496283.142994, 5
1558496283.156722, 5
1558496283.170796, 6
1558496283.186048, 6
1558496283.199998, 7
1558496283.214208, 6
1558496283.227738, 6
1558496283.241375, 7
1558496283.255861, 7
1558496283.269468, 7
1558496283.283238, 8
1558496283.297160, 8
1558496283.311086, 8
1558496283.324609, 7
1558496283.338900, 9
1558496283.352484, 8
1558496283.366456, 8
1558496283.380479, 9
1558496283.394661, 10
1558496283.408186, 9
1558496283.422115, 8
1558496283.436458, 8
1558496283.449818, 9
1558496283.463444, 4
1558496283.477869, 2
1558496283.491725, 2
1558496283.505376, 4
1558496283.518970, 4
1558496283.534264, 3
1558496283.549223, 3
1558496283.563578, 3
1558496283.577469, 4
1558496283.591835, 5
1558496283.606773, 6
1558496283.621454, 6
1558496283.635428, 5
1558496283.649666, 6
1558496283.663496, 5
1558496283.677241, 6
1558496283.691458, 6
1558496283.705071, 7
1558496283.718934, 6
1558496283.733307, 9
1558496283.758597, 6
1558496283.772519, 7
1558496283.786168, 8
1558496283.800044, 9
1558496283.815384, 9
1558496283.829861, 8
1558496283.843467, 9
1558496283.857042, 7
1558496283.871005, 9
1558496283.884583, 8
1558496283.898390, 9
1558496283.912220, 9
1558496283.926148, 8
1558496283.940012, 9
1558496283.954407, 10
1558496283.968259, 10
1558496283.982356, 9
1558496283.996549, 9
1558496284.010286, 8
1558496284.024891, 3
1558496284.038411, 3
1558496284.052385, 4
1558496284.066882, 4
1558496284.080359, 3
1558496284.093663, 3
1558496284.107500, 4
1558496284.121620, 5
1558496284.135525, 5
1558496284.150239, 6
1558496284.163774, 6
1558496284.177123, 7
1558496284.190956, 6
1558496284.204214, 5
1558496284.217944, 7
1558496284.232388, 7
1558496284.245999, 7
1558496284.259343, 6
1558496284.273087, 7
1558496284.286908, 8
1558496284.300271, 7
1558496284.313687, 9
1558496284.328073, 9
1558496284.341924, 8
1558496284.356096, 8
1558496284.370267, 8
1558496284.384395, 9
1558496284.398346, 10
1558496284.411911, 10
1558496284.425579, 9
1558496284.438881, 9
1558496284.452421, 9
1558496284.466548, 8
1558496284.480423, 3
1558496284.496108, 3
1558496284.509858, 1
1558496284.524615, 3
1558496284.538562, 3
1558496284.552420, 4
1558496284.566316, 4
1558496284.580251, 4
1558496284.593695, 5
1558496284.607668, 5
1558496284.621655, 7
1558496284.635886, 5
1558496284.650780, 6
1558496284.665819, 5
1558496284.679935, 6
1558496284.693555, 5
1558496284.707006, 7
1558496284.720561, 7
1558496284.734244, 6
1558496284.747863, 7
1558496284.761963, 7
1558496284.775721, 8
1558496284.789323, 7
1558496284.803548, 6
1558496284.817190, 8
1558496284.830727, 10
1558496284.844286, 8
1558496284.857797, 7
1558496284.871359, 9
1558496284.884911, 10
1558496284.898965, 9
1558496284.913044, 10
1558496284.926917, 10
1558496284.940566, 9
1558496284.954350, 9
1558496284.967917, 9
1558496284.981494, 10
1558496284.994813, 10
1558496285.008309, 8
1558496285.021825, 4
1558496285.035784, 2
1558496285.049138, 1
1558496285.062641, 4
1558496285.076268, 4
1558496285.090234, 3
1558496285.104042, 3
1558496285.118000, 4
1558496285.131871, 4
1558496285.145806, 5
1558496285.160238, 6
1558496285.173756, 5
1558496285.187450, 4
1558496285.201177, 5
1558496285.214643, 7
1558496285.228572, 8
1558496285.242287, 5
1558496285.256087, 6
1558496285.269579, 8
1558496285.282970, 7
1558496285.296565, 6
1558496285.310001, 8
1558496285.323540, 8
1558496285.337301, 9
1558496285.350967, 7
1558496285.364868, 8
1558496285.378506, 9
1558496285.392158, 8
1558496285.406201, 7
1558496285.419590, 8
1558496285.433052, 10
1558496285.447379, 9
1558496285.461615, 10
1558496285.475779, 10
1558496285.489399, 9
1558496285.502861, 9
1558496285.516660, 9
1558496285.530578, 9
1558496285.544446, 10
1558496285.558354, 2
1558496285.572727, 2
1558496285.586584, 3
1558496285.600248, 4
1558496285.614160, 3
1558496285.627775, 3
1558496285.642026, 5
1558496285.655710, 5
1558496285.669371, 4
1558496285.683663, 5
1558496285.698575, 5
1558496285.712970, 5
1558496285.726557, 5
1558496285.740907, 6
1558496285.754466, 6
1558496285.768177, 6
1558496285.781651, 6
1558496285.795949, 6
1558496285.810488, 7
1558496285.823772, 7
1558496285.837458, 6
1558496285.851254, 9
1558496285.865012, 7
1558496285.878966, 9
1558496285.893404, 8
1558496285.907839, 7
1558496285.922088, 8
1558496285.935918, 9
1558496285.949703, 9
1558496285.964338, 7
1558496285.977705, 8
1558496285.991099, 8
1558496286.005460, 7
1558496286.019300, 3
1558496286.033513, 2
1558496286.047203, 3
1558496286.060703, 2
1558496286.075276, 3
1558496286.089456, 4
1558496286.102786, 3
1558496286.116504, 4
1558496286.130415, 5
1558496286.144848, 5
1558496286.158354, 5
1558496286.172028, 4
1558496286.185677, 6
1558496286.199044, 5
1558496286.212838, 6
1558496286.226576, 5
1558496286.240351, 7
1558496286.253919, 7
1558496286.267320, 7
1558496286.281141, 6
1558496286.294476, 7
1558496286.308340, 7
1558496286.322021, 7
1558496286.335898, 8
1558496286.349803, 8
1558496286.363681, 8
1558496286.378073, 8
1558496286.391728, 9
1558496286.405263, 10
1558496286.419479, 10
1558496286.433750, 9
1558496286.447538, 10
1558496286.462355, 9
1558496286.476781, 9
1558496286.490638, 9
1558496286.504400, 9
1558496286.518018, 4
1558496286.532497, 2
1558496286.546340, 4
1558496286.560384, 3
1558496286.574863, 3
1558496286.589002, 3
1558496286.602312, 4
1558496286.616409, 3
1558496286.630259, 5
1558496286.643912, 5
1558496286.657330, 5
1558496286.670797, 5
1558496286.687457, 5
1558496286.700885, 5
1558496286.714780, 6
1558496286.729113, 5
1558496286.743974, 8
1558496286.758864, 7
1558496286.772733, 7
1558496286.786706, 6
1558496286.800542, 7
1558496286.814453, 8
1558496286.828265, 7
1558496286.842294, 8
1558496286.856087, 9
1558496286.869333, 9
1558496286.883090, 8
1558496286.896878, 9
1558496286.910743, 10
1558496286.924838, 9
1558496286.939287, 9
1558496286.954250, 10
1558496286.967714, 10
1558496286.981575, 8
1558496286.995708, 9
1558496287.010131, 8
1558496287.023980, 3
1558496287.037593, 2
1558496287.051369, 3
1558496287.065291, 2
1558496287.079239, 3
1558496287.092681, 3
1558496287.106813, 4
1558496287.120533, 4
1558496287.134365, 5
1558496287.148179, 6
1558496287.161666, 5
1558496287.176071, 6
1558496287.189861, 5
1558496287.203655, 6
1558496287.217424, 5
1558496287.231867, 5
1558496287.245841, 7
1558496287.259573, 7
1558496287.273314, 7
1558496287.286889, 6
1558496287.300467, 8
1558496287.314032, 7
1558496287.327727, 8
1558496287.342008, 9
1558496287.356524, 10
1558496287.370416, 8
1558496287.383905, 8
1558496287.397617, 9
1558496287.411240, 10
1558496287.424660, 9
1558496287.438549, 8
1558496287.452199, 10
1558496287.466047, 10
1558496287.479281, 9
1558496287.492607, 10
1558496287.506988, 9
1558496287.520858, 10
1558496287.534508, 10
1558496287.549738, 9
1558496287.564479, 9
1558496287.578459, 3
1558496287.592125, 4
1558496287.605671, 2
1558496287.619165, 2
1558496287.632783, 0
1558496287.646585, 1
1558496287.659757, 4
1558496287.673247, 1
1558496287.686520, 3
1558496287.700125, 2
1558496287.713797, 1
1558496287.727339, 3
1558496287.740881, 2
1558496287.754756, 2
1558496287.768674, 2
1558496287.784338, 3
1558496287.798665, 3
1558496287.812688, 3
1558496287.826215, 4
1558496287.840202, 3
1558496287.853610, 4
1558496287.867277, 6
1558496287.880397, 4
1558496287.893985, 6
1558496287.907530, 4
1558496287.921159, 6
1558496287.934929, 6
1558496287.949264, 5
1558496287.963672, 7
1558496287.977411, 5
1558496287.991142, 6
1558496288.004521, 7
1558496288.018463, 7
1558496288.031853, 6
1558496288.045111, 7
1558496288.058291, 7
1558496288.071776, 8
1558496288.085240, 8
1558496288.098867, 9
1558496288.112589, 8
1558496288.126155, 8
1558496288.139987, 9
1558496288.153896, 10
1558496288.167817, 9
1558496288.181689, 9
1558496288.195458, 9
1558496288.208871, 9
1558496288.222779, 10
1558496288.236826, 9
1558496288.250268, 8
1558496288.263689, 9
1558496288.277073, 9
1558496288.290646, 6
1558496288.304055, 2
1558496288.317120, 2
1558496288.330713, 3
1558496288.343946, 0
1558496288.357136, 1
1558496288.370938, 4
1558496288.384794, 0
1558496288.398316, 3
1558496288.411518, 1
1558496288.425231, 3
1558496288.438369, 2
1558496288.451945, 2
1558496288.465466, 2
1558496288.478941, 2
1558496288.492495, 3
1558496288.505859, 3
1558496288.519473, 3
1558496288.533782, 4
1558496288.547589, 3
1558496288.561221, 4
1558496288.574820, 4
1558496288.588383, 5
1558496288.602197, 4
1558496288.615639, 5
1558496288.629475, 5
1558496288.642643, 6
1558496288.655954, 5
1558496288.669018, 5
1558496288.683082, 7
1558496288.696119, 6
1558496288.709706, 6
1558496288.723364, 6
1558496288.737252, 7
1558496288.751299, 8
1558496288.765308, 7
1558496288.779004, 8
1558496288.792538, 9
1558496288.805941, 9
1558496288.820298, 8
1558496288.835839, 9
1558496288.850000, 8
1558496288.863443, 9
1558496288.876859, 10
1558496288.890138, 8
1558496288.903714, 9
1558496288.917280, 9
1558496288.931109, 8
1558496288.944244, 5
1558496288.958716, 2
1558496288.972101, 2
1558496288.985522, 3
1558496288.999443, 3
1558496289.013224, 4
1558496289.027931, 3
1558496289.041203, 4
1558496289.054776, 5
1558496289.068187, 4
1558496289.081565, 6
1558496289.095181, 5
1558496289.108956, 6
1558496289.122700, 5
1558496289.136530, 7
1558496289.150398, 6
1558496289.164376, 6
1558496289.178669, 7
1558496289.192094, 8
1558496289.205451, 7
1558496289.218883, 6
1558496289.232930, 8
1558496289.246132, 7
1558496289.259987, 7
1558496289.273973, 8
1558496289.287335, 10
1558496289.300701, 8
1558496289.314090, 8
1558496289.327624, 8
1558496289.341263, 10
1558496289.354829, 9
1558496289.368828, 9
1558496289.382696, 9
1558496289.396252, 10
1558496289.410214, 9
1558496289.423710, 9
1558496289.437108, 9
1558496289.451031, 4
1558496289.464495, 2
1558496289.478374, 4
1558496289.492021, 2
1558496289.505406, 3
1558496289.519294, 3
1558496289.533401, 4
1558496289.547495, 3
1558496289.561134, 5
1558496289.574396, 4
1558496289.587929, 5
1558496289.601685, 4
1558496289.615987, 6
1558496289.629334, 5
1558496289.642760, 6
1558496289.656103, 6
1558496289.669112, 6
1558496289.682881, 8
1558496289.696261, 7
1558496289.710491, 7
1558496289.724045, 6
1558496289.737306, 7
1558496289.751701, 7
1558496289.766136, 7
1558496289.779458, 9
1558496289.793069, 9
1558496289.806420, 8
1558496289.820701, 8
1558496289.834075, 9
1558496289.847730, 10
1558496289.862116, 9
1558496289.877519, 9
1558496289.891642, 10
1558496289.905722, 9
1558496289.919894, 9
1558496289.933646, 10
1558496289.947606, 7
1558496289.961949, 2
1558496289.976106, 2
1558496289.989450, 4
1558496290.002981, 2
1558496290.016243, 4
1558496290.030358, 4
1558496290.043927, 4
1558496290.057424, 5
1558496290.071820, 5
1558496290.084927, 6
1558496290.098197, 5
1558496290.111687, 5
1558496290.125172, 6
1558496290.138528, 6
1558496290.152020, 5
1558496290.165278, 6
1558496290.179555, 7
1558496290.193069, 7
1558496290.206708, 6
1558496290.220183, 8
1558496290.234017, 8
1558496290.247510, 7
1558496290.261128, 7
1558496290.274634, 9
1558496290.287821, 9
1558496290.301138, 9
1558496290.314700, 9
1558496290.328202, 9
1558496290.341853, 9
1558496290.356331, 9
1558496290.370342, 8
1558496290.384121, 10
1558496290.397996, 10
1558496290.411484, 8
1558496290.425030, 8
1558496290.438644, 9
1558496290.452066, 4
1558496290.465385, 2
1558496290.478993, 2
1558496290.492643, 3
1558496290.506422, 4
1558496290.520420, 3
1558496290.533808, 3
1558496290.548045, 4
1558496290.561439, 4
1558496290.574595, 4
1558496290.588430, 6
1558496290.601747, 5
1558496290.615502, 5
1558496290.629162, 5
1558496290.642421, 6
1558496290.655685, 5
1558496290.669194, 7
1558496290.682626, 6
1558496290.695759, 7
1558496290.709222, 7
1558496290.722903, 7
1558496290.736691, 7
1558496290.750254, 7
1558496290.763556, 8
1558496290.777330, 9
1558496290.791178, 9
1558496290.804488, 8
1558496290.817839, 9
1558496290.831734, 8
1558496290.845233, 9
1558496290.858677, 9
1558496290.871739, 10
1558496290.885930, 10
1558496290.900797, 9
1558496290.916058, 10
1558496290.930949, 9
1558496290.945478, 9
1558496290.959125, 10
1558496290.972784, 9
1558496290.986143, 9
1558496290.999884, 5
1558496291.014419, 2
1558496291.028558, 4
1558496291.041813, 3
1558496291.055197, 4
1558496291.068860, 3
1558496291.082175, 4
1558496291.095739, 5
1558496291.109277, 5
1558496291.122764, 5
1558496291.136171, 5
1558496291.150067, 6
1558496291.163910, 7
1558496291.178836, 7
1558496291.210523, 7
1558496291.223869, 7
1558496291.237761, 7
1558496291.251483, 7
1558496291.265145, 6
1558496291.278391, 8
1558496291.291753, 7
1558496291.305091, 9
1558496291.318427, 9
1558496291.331714, 8
1558496291.344941, 8
1558496291.358130, 8
1558496291.372920, 9
1558496291.386007, 10
1558496291.399978, 9
1558496291.413232, 9
1558496291.426704, 8
1558496291.440225, 8
1558496291.453933, 8
1558496291.467382, 6
1558496291.480516, 2
1558496291.493791, 2
1558496291.507244, 3
1558496291.521083, 3
1558496291.534443, 3
1558496291.548721, 3
1558496291.562668, 5
1558496291.577630, 4
1558496291.591699, 5
1558496291.605754, 6
1558496291.619078, 5
1558496291.632259, 5
1558496291.645607, 5
1558496291.658873, 6
1558496291.672371, 7
1558496291.685498, 6
1558496291.698683, 7
1558496291.712675, 7
1558496291.725960, 8
1558496291.739379, 7
1558496291.752874, 6
1558496291.766401, 8
1558496291.779535, 7
1558496291.792775, 8
1558496291.806014, 9
1558496291.819680, 9
1558496291.833010, 9
1558496291.846422, 8
1558496291.859688, 8
1558496291.873013, 10
1558496291.885991, 9
1558496291.899606, 9
1558496291.913137, 10
1558496291.926316, 10
1558496291.940625, 9
1558496291.957120, 9
1558496291.971059, 8
1558496291.984537, 2
1558496291.998017, 2
1558496292.011345, 3
1558496292.025636, 2
1558496292.038846, 3
1558496292.052171, 4
1558496292.065420, 4
1558496292.078851, 3
1558496292.092406, 5
1558496292.105967, 6
1558496292.119758, 6
1558496292.133043, 4
1558496292.147004, 5
1558496292.161118, 6
1558496292.174756, 7
1558496292.188581, 5
1558496292.202154, 6
1558496292.215628, 8
1558496292.229233, 8
1558496292.242950, 6
1558496292.256165, 8
1558496292.269387, 7
1558496292.282773, 7
1558496292.296335, 8
1558496292.309539, 8
1558496292.322877, 10
1558496292.336538, 8
1558496292.350505, 9
1558496292.363947, 10
1558496292.378120, 9
1558496292.392210, 9
1558496292.405817, 9
1558496292.419245, 10
1558496292.432985, 10
1558496292.447445, 10
1558496292.461630, 10
1558496292.475400, 9
1558496292.488993, 2
1558496292.502237, 2
1558496292.515647, 4
1558496292.529656, 3
1558496292.542697, 3
1558496292.556284, 3
1558496292.569467, 3
1558496292.583143, 3
1558496292.597150, 5
1558496292.610967, 6
1558496292.624337, 6
1558496292.637632, 4
1558496292.651014, 6
1558496292.664168, 5
1558496292.677891, 5
1558496292.691529, 6
1558496292.704793, 6
1558496292.718294, 7
1558496292.732177, 6
1558496292.746031, 7
1558496292.759424, 7
1558496292.773239, 7
1558496292.787159, 8
1558496292.801726, 9
1558496292.815320, 10
1558496292.828786, 10
1558496292.842405, 8
1558496292.855888, 8
1558496292.868939, 10
1558496292.882377, 9
1558496292.895754, 8
1558496292.909262, 10
1558496292.922555, 9
1558496292.935758, 8
1558496292.949367, 8
1558496292.963647, 9
1558496292.977605, 5
1558496292.992848, 3
1558496293.006992, 2
1558496293.020578, 4
1558496293.034253, 4
1558496293.048288, 3
1558496293.061509, 3
1558496293.075287, 3
1558496293.089676, 5
1558496293.102976, 4
1558496293.116625, 5
1558496293.129988, 5
1558496293.143606, 5
1558496293.156987, 5
1558496293.170791, 5
1558496293.184417, 6
1558496293.197896, 6
1558496293.211276, 6
1558496293.224660, 8
1558496293.238240, 7
1558496293.252159, 7
1558496293.265880, 7
1558496293.279997, 7
1558496293.293214, 8
1558496293.306741, 8
1558496293.320371, 9
1558496293.333783, 9
1558496293.347294, 9
1558496293.360717, 8
1558496293.373959, 9
1558496293.387204, 8
1558496293.400879, 10
1558496293.413981, 10
1558496293.427405, 9
1558496293.441352, 8
1558496293.454728, 10
1558496293.467803, 9
1558496293.481522, 7
1558496293.494806, 3
1558496293.508205, 3
1558496293.521913, 3
1558496293.535509, 3
1558496293.549424, 4
1558496293.563222, 3
1558496293.577135, 5
1558496293.590794, 4
1558496293.604585, 5
1558496293.617904, 5
1558496293.631777, 6
1558496293.645429, 5
1558496293.660263, 5
1558496293.675015, 6
1558496293.689634, 7
1558496293.704433, 6
1558496293.718675, 8
1558496293.732065, 7
1558496293.745386, 8
1558496293.758597, 7
1558496293.771964, 7
1558496293.785288, 8
1558496293.798442, 7
1558496293.811941, 8
1558496293.825374, 9
1558496293.839048, 8
1558496293.854400, 9
1558496293.867778, 8
1558496293.881029, 9
1558496293.894196, 10
1558496293.907635, 9
1558496293.921346, 10
1558496293.935634, 9
1558496293.948985, 10
1558496293.962898, 9
1558496293.976784, 9
1558496293.990732, 6
1558496294.004616, 2
1558496294.019057, 1
1558496294.034403, 2
1558496294.048776, 4
1558496294.062373, 3
1558496294.076198, 4
1558496294.089807, 4
1558496294.103350, 4
1558496294.117613, 5
1558496294.131220, 7
1558496294.144532, 5
1558496294.158007, 6
1558496294.171424, 6
1558496294.185121, 6
1558496294.198303, 6
1558496294.212580, 6
1558496294.226028, 8
1558496294.239378, 6
1558496294.253635, 7
1558496294.267528, 6
1558496294.280871, 8
1558496294.294095, 7
1558496294.307660, 8
1558496294.321709, 7
1558496294.335042, 10
1558496294.348319, 9
1558496294.361477, 8
1558496294.375197, 9
1558496294.388387, 10
1558496294.401502, 9
1558496294.414975, 9
1558496294.429002, 9
1558496294.442436, 10
1558496294.456428, 10
1558496294.470196, 9
1558496294.483660, 9
1558496294.497497, 4
1558496294.510950, 2
1558496294.525197, 3
1558496294.538628, 3
1558496294.552043, 4
1558496294.565638, 3
1558496294.579325, 4
1558496294.592795, 4
1558496294.606299, 4
1558496294.620143, 4
1558496294.633408, 7
1558496294.646681, 4
1558496294.660220, 5
1558496294.674605, 5
1558496294.688226, 6
1558496294.701620, 6
1558496294.715822, 7
1558496294.730669, 8
1558496294.744094, 7
1558496294.759021, 6
1558496294.773870, 8
1558496294.789437, 8
1558496294.804389, 7
1558496294.819268, 8
1558496294.833317, 10
1558496294.846910, 9
1558496294.860517, 8
1558496294.873731, 9
1558496294.888084, 9
1558496294.901540, 9
1558496294.914820, 9
1558496294.928166, 10
1558496294.941663, 9
1558496294.955254, 8
1558496294.968672, 9
1558496294.982057, 10
1558496294.995175, 7
1558496295.008568, 3
1558496295.021802, 2
1558496295.035106, 4
1558496295.048205, 3
1558496295.062680, 4
1558496295.077035, 4
1558496295.091589, 4
1558496295.106092, 4
1558496295.119375, 5
1558496295.132679, 6
1558496295.146137, 4
1558496295.159960, 6
1558496295.173952, 5
1558496295.189599, 6
1558496295.203048, 5
1558496295.216537, 7
1558496295.230059, 6
1558496295.243738, 7
1558496295.257095, 7
1558496295.270236, 7
1558496295.283846, 8
1558496295.297071, 7
1558496295.310324, 8
1558496295.324403, 8
1558496295.338014, 10
1558496295.351471, 9
1558496295.365527, 9
1558496295.379144, 8
1558496295.392342, 10
1558496295.406260, 8
1558496295.419670, 9
1558496295.433375, 9
1558496295.446992, 10
1558496295.460611, 9
1558496295.474945, 10
1558496295.488570, 9
1558496295.502025, 9
1558496295.516037, 10
1558496295.529540, 10
1558496295.544636, 9
1558496295.558629, 3
1558496295.571857, 2
1558496295.585551, 4
1558496295.598892, 4
1558496295.612098, 4
1558496295.625165, 3
1558496295.638511, 5
1558496295.652106, 5
1558496295.665096, 5
1558496295.679201, 5
1558496295.692841, 6
1558496295.706238, 5
1558496295.719490, 7
1558496295.733048, 7
1558496295.746374, 7
1558496295.760039, 7
1558496295.773598, 7
1558496295.787288, 7
1558496295.800577, 6
1558496295.813917, 8
1558496295.827141, 7
1558496295.841173, 7
1558496295.855187, 8
1558496295.868500, 10
1558496295.882021, 8
1558496295.895435, 8
1558496295.909024, 9
1558496295.922351, 10
1558496295.935605, 10
1558496295.948799, 9
1558496295.963160, 9
1558496295.977046, 8
1558496295.992587, 8
1558496296.006662, 8
1558496296.020708, 2
1558496296.034250, 2
1558496296.047753, 2
1558496296.061311, 3
1558496296.074682, 4
1558496296.089173, 3
1558496296.103577, 4
1558496296.118992, 3
1558496296.133336, 5
1558496296.146793, 4
1558496296.160364, 6
1558496296.173875, 4
1558496296.187348, 5
1558496296.200915, 5
1558496296.214581, 6
1558496296.228525, 5
1558496296.242354, 7
1558496296.255654, 7
1558496296.269019, 6
1558496296.282585, 7
1558496296.296147, 7
1558496296.310070, 7
1558496296.323684, 7
1558496296.337482, 6
1558496296.350881, 8
1558496296.364803, 9
1558496296.378211, 8
1558496296.392399, 7
1558496296.406437, 8
1558496296.420562, 10
1558496296.434104, 9
1558496296.447136, 8
1558496296.460872, 10
1558496296.474598, 10
1558496296.487772, 9
1558496296.500891, 10
1558496296.514643, 10
1558496296.528804, 4
1558496296.542169, 4
1558496296.570595, 3
1558496296.584207, 2
1558496296.597789, 4
1558496296.611316, 4
1558496296.625048, 3
1558496296.639778, 5
1558496296.653614, 5
1558496296.666964, 6
1558496296.680832, 4
1558496296.694431, 6
1558496296.707946, 5
1558496296.721324, 5
1558496296.734723, 5
1558496296.749186, 6
1558496296.762390, 7
1558496296.775939, 7
1558496296.789375, 7
1558496296.803174, 7
1558496296.816989, 7
1558496296.830697, 7
1558496296.844382, 7
1558496296.858894, 7
1558496296.872308, 10
1558496296.885392, 8
1558496296.899489, 8
1558496296.912882, 9
1558496296.926784, 10
1558496296.940566, 10
1558496296.954433, 8
1558496296.967952, 9
1558496296.981943, 10
1558496296.995638, 9
1558496297.009240, 10
1558496297.022711, 9
1558496297.036007, 4
1558496297.049357, 2
1558496297.063082, 5
1558496297.077152, 2
1558496297.091200, 4
1558496297.104765, 3
1558496297.118131, 3
1558496297.131619, 3
1558496297.146156, 5
1558496297.160975, 4
1558496297.175903, 5
1558496297.189895, 4
1558496297.203877, 5
1558496297.217468, 5
1558496297.231422, 5
1558496297.245456, 5
1558496297.259273, 7
1558496297.272894, 7
1558496297.286212, 7
1558496297.299787, 6
1558496297.313041, 8
1558496297.326792, 7
1558496297.340242, 7
1558496297.353401, 9
1558496297.367035, 9
1558496297.380871, 9
1558496297.394152, 8
1558496297.408181, 9
1558496297.421422, 10
1558496297.435251, 9
1558496297.449078, 8
1558496297.462519, 10
1558496297.476254, 9
1558496297.489758, 9
1558496297.503399, 9
1558496297.516795, 10
1558496297.530286, 10
1558496297.544575, 10
1558496297.558996, 9
1558496297.573309, 9
1558496297.587276, 5
1558496297.601064, 2
1558496297.614537, 3
1558496297.628150, 1
1558496297.641573, 1
1558496297.654745, 3
1558496297.667746, 1
1558496297.681443, 4
1558496297.695290, 4
1558496297.708702, 1
1558496297.722159, 2
1558496297.735789, 3
1558496297.749542, 2
1558496297.763634, 3
1558496297.777003, 1
1558496297.790434, 3
1558496297.803688, 2
1558496297.817005, 3
1558496297.830405, 2
1558496297.843623, 4
1558496297.856954, 4
1558496297.870411, 4
1558496297.884022, 5
1558496297.897346, 4
1558496297.910915, 5
1558496297.923934, 5
1558496297.937246, 4
1558496297.950606, 6
1558496297.964790, 5
1558496297.978533, 6
1558496297.991969, 6
1558496298.005712, 7
1558496298.018886, 7
1558496298.032529, 7
1558496298.045758, 6
1558496298.059709, 7
1558496298.072846, 7
1558496298.086848, 8
1558496298.100461, 7
1558496298.114120, 9
1558496298.127299, 8
1558496298.141020, 8
1558496298.154976, 8
1558496298.169347, 9
1558496298.185844, 9
1558496298.200729, 9
1558496298.214935, 10
1558496298.228782, 9
1558496298.242192, 9
1558496298.255283, 9
1558496298.268787, 9
1558496298.281992, 10
1558496298.295455, 9
1558496298.308936, 8
1558496298.322351, 2
1558496298.335917, 3
1558496298.349140, 3
1558496298.363114, 2
1558496298.376956, 4
1558496298.390935, 4
1558496298.405143, 5
1558496298.418575, 4
1558496298.431817, 4
1558496298.444927, 4
1558496298.458241, 5
1558496298.471891, 5
1558496298.485405, 5
1558496298.499769, 7
1558496298.513462, 6
1558496298.528299, 5
1558496298.542594, 6
1558496298.556187, 6
1558496298.569397, 7
1558496298.582752, 7
1558496298.595833, 8
1558496298.609706, 8
1558496298.623323, 7
1558496298.636580, 8
1558496298.650461, 7
1558496298.663858, 9
1558496298.677551, 8
1558496298.691599, 8
1558496298.704985, 9
1558496298.718325, 10
1558496298.731732, 8
1558496298.745224, 9
1558496298.758776, 9
1558496298.772433, 7
1558496298.786277, 2
1558496298.800366, 2
1558496298.814046, 3
1558496298.827466, 2
1558496298.840668, 4
1558496298.855111, 2
1558496298.868702, 4
1558496298.882270, 4
1558496298.895697, 4
1558496298.909004, 6
1558496298.922458, 4
1558496298.935880, 6
1558496298.949189, 6
1558496298.963204, 5
1558496298.976670, 5
1558496298.990038, 5
1558496299.003593, 8
1558496299.017178, 6
1558496299.030812, 6
1558496299.045530, 7
1558496299.059208, 8
1558496299.072798, 7
1558496299.086749, 7
1558496299.099848, 9
1558496299.112960, 9
1558496299.126460, 8
1558496299.140227, 8
1558496299.154585, 8
1558496299.168372, 10
1558496299.182290, 9
1558496299.196454, 9
1558496299.210087, 10
1558496299.224708, 9
1558496299.240253, 10
1558496299.254886, 9
1558496299.268352, 10
1558496299.281696, 10
1558496299.295608, 9
1558496299.309061, 10
1558496299.322530, 8
1558496299.336312, 2
1558496299.350324, 2
1558496299.364119, 3
1558496299.378408, 4
1558496299.391784, 3
1558496299.405268, 4
1558496299.418371, 5
1558496299.431587, 5
1558496299.444630, 5
1558496299.457994, 4
1558496299.471894, 6
1558496299.485466, 5
1558496299.499105, 6
1558496299.512615, 6
1558496299.527659, 8
1558496299.540995, 6
1558496299.554598, 7
1558496299.568428, 6
1558496299.582317, 7
1558496299.596326, 7
1558496299.609951, 7
1558496299.623493, 8
1558496299.637065, 8
1558496299.650547, 8
1558496299.664194, 8
1558496299.678045, 7
1558496299.691733, 8
1558496299.705144, 10
1558496299.718744, 9
1558496299.732537, 9
1558496299.746281, 9
1558496299.759998, 9
1558496299.773802, 8
1558496299.787409, 5
1558496299.801241, 2
1558496299.814410, 2
1558496299.827503, 4
1558496299.840922, 3
1558496299.854330, 4
1558496299.867964, 3
1558496299.881707, 4
1558496299.895243, 4
1558496299.908782, 5
1558496299.922068, 6
1558496299.935184, 5
1558496299.948899, 5
1558496299.962712, 5
1558496299.976583, 6
1558496299.990544, 6
1558496300.004806, 6
1558496300.018775, 7
1558496300.032227, 7
1558496300.045754, 7
1558496300.058988, 7
1558496300.072183, 7
1558496300.086064, 7
1558496300.100212, 7
1558496300.114172, 8
1558496300.127569, 9
1558496300.140962, 10
1558496300.154951, 8
1558496300.168151, 8
1558496300.181577, 9
1558496300.194917, 10
1558496300.208330, 10
1558496300.222500, 9
1558496300.236183, 10
1558496300.250407, 9
1558496300.264760, 9
1558496300.280703, 10
1558496300.295032, 5
1558496300.308588, 2
1558496300.322081, 1
1558496300.335558, 3
1558496300.349455, 3
1558496300.363054, 3
1558496300.376361, 4
1558496300.389791, 4
1558496300.403240, 4
1558496300.416656, 5
1558496300.430011, 6
1558496300.443227, 4
1558496300.456787, 6
1558496300.470375, 5
1558496300.484339, 6
1558496300.497780, 5
1558496300.511066, 6
1558496300.525873, 7
1558496300.539429, 7
1558496300.552901, 6
1558496300.566199, 7
1558496300.579687, 8
1558496300.593231, 7
1558496300.606816, 6
1558496300.620042, 8
1558496300.633138, 9
1558496300.646797, 10
1558496300.660091, 8
1558496300.674065, 8
1558496300.687880, 9
1558496300.701704, 9
1558496300.715378, 9
1558496300.729067, 10
1558496300.742166, 9
1558496300.755537, 9
1558496300.769474, 8
1558496300.783853, 10
1558496300.798001, 10
1558496300.812292, 10
1558496300.825929, 7
1558496300.839566, 4
1558496300.852777, 3
1558496300.866132, 3
1558496300.879407, 2
1558496300.893023, 4
1558496300.906449, 3
1558496300.919611, 4
1558496300.933115, 4
1558496300.946681, 6
1558496300.960039, 5
1558496300.973550, 5
1558496300.986971, 5
1558496301.000314, 6
1558496301.014478, 5
1558496301.028231, 7
1558496301.041557, 7
1558496301.054714, 6
1558496301.068423, 7
1558496301.082038, 7
1558496301.095454, 7
1558496301.109521, 6
1558496301.123581, 8
1558496301.137037, 8
1558496301.150674, 9
1558496301.164590, 8
1558496301.178948, 8
1558496301.193318, 9
1558496301.207245, 8
1558496301.221659, 9
1558496301.235547, 9
1558496301.248674, 8
1558496301.262399, 9
1558496301.275821, 9
1558496301.289495, 9
1558496301.303930, 9
1558496301.317819, 8
1558496301.332289, 9
1558496301.346606, 10
1558496301.359973, 7
1558496301.373039, 3
1558496301.387065, 4
1558496301.420364, 2
1558496301.433789, 4
1558496301.446897, 4
1558496301.460628, 5
1558496301.475131, 5
1558496301.488706, 4
1558496301.502070, 4
1558496301.515318, 5
1558496301.528503, 6
1558496301.541785, 5
1558496301.556451, 5
1558496301.570341, 7
1558496301.583891, 7
1558496301.597321, 6
1558496301.610561, 7
1558496301.623751, 6
1558496301.637074, 8
1558496301.650814, 7
1558496301.664089, 9
1558496301.678012, 7
1558496301.691473, 8
1558496301.704616, 8
1558496301.717755, 7
1558496301.731081, 9
1558496301.744359, 8
1558496301.757779, 8
1558496301.771307, 9
1558496301.784834, 9
1558496301.798651, 8
1558496301.812344, 8
1558496301.826090, 7
1558496301.839491, 3
1558496301.852882, 2
1558496301.866279, 5
1558496301.879422, 2
1558496301.892592, 3
1558496301.905773, 3
1558496301.919425, 3
1558496301.932962, 4
1558496301.946598, 3
1558496301.960515, 6
1558496301.974037, 5
1558496301.987698, 5
1558496302.001226, 5
1558496302.016590, 5
1558496302.030212, 6
1558496302.043481, 6
1558496302.056690, 5
1558496302.069800, 8
1558496302.083368, 6
1558496302.096539, 6
1558496302.110012, 7
1558496302.123653, 8
1558496302.138384, 8
1558496302.152224, 7
1558496302.165552, 8
1558496302.179382, 10
1558496302.192986, 8
1558496302.206530, 8
1558496302.220138, 8
1558496302.233832, 9
1558496302.247181, 9
1558496302.260657, 9
1558496302.274392, 10
1558496302.287642, 8
1558496302.301010, 8
1558496302.314388, 8
1558496302.328490, 9
1558496302.342146, 7
1558496302.357009, 3
1558496302.371887, 2
1558496302.387828, 2
1558496302.402155, 3
1558496302.416468, 3
1558496302.429932, 4
1558496302.443397, 4
1558496302.457094, 4
1558496302.470804, 5
1558496302.484375, 5
1558496302.497897, 4
1558496302.511127, 5
1558496302.525715, 5
1558496302.539092, 5
1558496302.553606, 6
1558496302.567146, 8
1558496302.580563, 6
1558496302.593912, 6
1558496302.607315, 7
1558496302.621097, 7
1558496302.635069, 7
1558496302.648787, 6
1558496302.662343, 8
1558496302.675388, 9
1558496302.688528, 9
1558496302.702128, 8
1558496302.715869, 8
1558496302.729191, 9
1558496302.742830, 9
1558496302.756332, 9
1558496302.769739, 9
1558496302.783472, 10
1558496302.797279, 9
1558496302.810646, 8
1558496302.823719, 9
1558496302.837722, 8
1558496302.851384, 2
1558496302.865207, 2
1558496302.879112, 2
1558496302.892604, 2
1558496302.906540, 4
1558496302.920000, 4
1558496302.933655, 4
1558496302.947562, 5
1558496302.960771, 5
1558496302.974760, 6
1558496302.988243, 5
1558496303.001507, 5
1558496303.014841, 5
1558496303.028140, 5
1558496303.041397, 6
1558496303.054567, 5
1558496303.067800, 7
1558496303.081244, 7
1558496303.094532, 7
1558496303.108155, 8
1558496303.121497, 7
1558496303.134580, 7
1558496303.147812, 8
1558496303.161453, 8
1558496303.175026, 9
1558496303.188549, 9
1558496303.202188, 8
1558496303.216033, 8
1558496303.230401, 9
1558496303.245472, 9
1558496303.259080, 9
1558496303.272387, 9
1558496303.286146, 9
1558496303.299612, 8
1558496303.313244, 9
1558496303.326522, 8
1558496303.340647, 3
1558496303.353994, 2
1558496303.367161, 3
1558496303.380671, 3
1558496303.395060, 4
1558496303.410416, 3
1558496303.424470, 4
1558496303.438190, 4
1558496303.451811, 4
1558496303.465221, 4
1558496303.478397, 5
1558496303.491882, 4
1558496303.505118, 6
1558496303.518968, 5
1558496303.532700, 6
1558496303.546301, 5
1558496303.560412, 6
1558496303.574390, 7
1558496303.588717, 6
1558496303.602677, 8
1558496303.616828, 8
1558496303.629932, 7
1558496303.643301, 7
1558496303.656794, 9
1558496303.670084, 8
1558496303.683309, 9
1558496303.697212, 9
1558496303.711387, 9
1558496303.725094, 9
1558496303.738765, 9
1558496303.752380, 9
1558496303.765959, 10
1558496303.779203, 9
1558496303.792323, 9
1558496303.805760, 10
1558496303.818976, 9
1558496303.832082, 10
1558496303.845168, 9
1558496303.858968, 10
1558496303.873157, 10
1558496303.886968, 5
1558496303.901133, 2
1558496303.915009, 4
1558496303.928888, 3
1558496303.942892, 4
1558496303.956019, 3
1558496303.969443, 5
1558496303.983003, 6
1558496303.996965, 5
1558496304.010425, 5
1558496304.023954, 6
1558496304.037359, 5
1558496304.050580, 7
1558496304.064016, 6
1558496304.077994, 7
1558496304.091798, 7
1558496304.105653, 7
1558496304.118954, 7
1558496304.132078, 6
1558496304.145812, 7
1558496304.159477, 8
1558496304.172686, 7
1558496304.186571, 8
1558496304.200120, 8
1558496304.214126, 9
1558496304.227306, 8
1558496304.240532, 9
1558496304.253927, 10
1558496304.267268, 9
1558496304.281097, 10
1558496304.295324, 9
1558496304.309092, 9
1558496304.322380, 8
1558496304.335425, 9
1558496304.349154, 10
1558496304.362751, 3
1558496304.376615, 2
1558496304.391509, 4
1558496304.405460, 2
1558496304.419661, 3
1558496304.434191, 3
1558496304.449194, 4
1558496304.463150, 4
1558496304.476949, 5
1558496304.490509, 6
1558496304.503744, 5
1558496304.517521, 5
1558496304.531100, 6
1558496304.544619, 5
1558496304.558056, 6
1558496304.571349, 6
1558496304.584627, 7
1558496304.598301, 8
1558496304.611945, 7
1558496304.625722, 7
1558496304.639180, 7
1558496304.652608, 8
1558496304.666224, 7
1558496304.680012, 8
1558496304.693286, 9
1558496304.706815, 9
1558496304.720440, 8
1558496304.734148, 8
1558496304.747858, 9
1558496304.761033, 10
1558496304.775177, 9
1558496304.788609, 10
1558496304.802495, 9
1558496304.816908, 9
1558496304.830228, 10
1558496304.843651, 9
1558496304.857312, 9
1558496304.871291, 10
1558496304.884830, 9
1558496304.898456, 4
1558496304.911718, 2
1558496304.925041, 3
1558496304.938195, 3
1558496304.951775, 4
1558496304.965357, 3
1558496304.978741, 5
1558496304.992127, 4
1558496305.005315, 4
1558496305.018936, 5
1558496305.032541, 6
1558496305.046040, 5
1558496305.060795, 6
1558496305.074406, 5
1558496305.088015, 6
1558496305.101825, 7
1558496305.115575, 7
1558496305.129272, 6
1558496305.143658, 7
1558496305.157203, 7
1558496305.170682, 6
1558496305.184232, 8
1558496305.198054, 8
1558496305.212067, 8
1558496305.225866, 7
1558496305.239505, 9
1558496305.252983, 9
1558496305.266339, 8
1558496305.280166, 8
1558496305.293990, 10
1558496305.307829, 10
1558496305.321561, 8
1558496305.335511, 8
1558496305.349165, 8
1558496305.362494, 4
1558496305.376426, 3
1558496305.391224, 1
1558496305.404899, 3
1558496305.418126, 4
1558496305.431749, 3
1558496305.445077, 3
1558496305.458459, 3
1558496305.473387, 4
1558496305.488621, 4
1558496305.504060, 6
1558496305.517966, 6
1558496305.531430, 5
1558496305.545058, 5
1558496305.558535, 6
1558496305.571865, 7
1558496305.585749, 6
1558496305.600156, 7
1558496305.614072, 6
1558496305.627848, 8
1558496305.641696, 6
1558496305.655050, 7
1558496305.668334, 7
1558496305.682299, 9
1558496305.695487, 8
1558496305.708628, 9
1558496305.721977, 9
1558496305.735508, 8
1558496305.748805, 9
1558496305.762715, 8
1558496305.776240, 9
1558496305.789814, 9
1558496305.803215, 10
1558496305.817006, 9
1558496305.830635, 10
1558496305.844459, 9
1558496305.857679, 10
1558496305.870891, 10
1558496305.884578, 10
1558496305.898001, 9
1558496305.911195, 5
1558496305.924480, 3
1558496305.938448, 3
1558496305.952555, 3
1558496305.966046, 4
1558496305.979425, 4
1558496305.993338, 4
1558496306.007178, 5
1558496306.021127, 6
1558496306.034654, 5
1558496306.048104, 5
1558496306.061196, 6
1558496306.074400, 6
1558496306.088453, 6
1558496306.102119, 6
1558496306.116192, 8
1558496306.130114, 7
1558496306.143704, 7
1558496306.157435, 6
1558496306.170754, 8
1558496306.184276, 7
1558496306.197788, 7
1558496306.211831, 8
1558496306.225218, 10
1558496306.239267, 9
1558496306.253038, 8
1558496306.266317, 8
1558496306.280027, 10
1558496306.293282, 9
1558496306.306618, 9
1558496306.319868, 10
1558496306.332989, 9
1558496306.346883, 9
1558496306.360397, 9
1558496306.374745, 8
1558496306.388595, 10
1558496306.402611, 9
1558496306.415734, 6
1558496306.429146, 2
1558496306.442465, 2
1558496306.455758, 3
1558496306.468857, 2
1558496306.483448, 4
1558496306.496924, 4
1558496306.510333, 5
1558496306.525194, 5
1558496306.539539, 5
1558496306.553905, 4
1558496306.567632, 6
1558496306.581113, 5
1558496306.594692, 6
1558496306.608295, 7
1558496306.621701, 8
1558496306.634961, 7
1558496306.648237, 6
1558496306.661946, 6
1558496306.675485, 8
1558496306.688853, 7
1558496306.702457, 7
1558496306.715960, 8
1558496306.729041, 8
1558496306.742466, 8
1558496306.756121, 8
1558496306.769675, 9
1558496306.783556, 8
1558496306.797451, 8
1558496306.811323, 8
1558496306.824732, 10
1558496306.838505, 9
1558496306.852255, 9
1558496306.865608, 9
1558496306.879073, 10
1558496306.892477, 9
1558496306.905683, 9
1558496306.919937, 8
1558496306.933040, 9
1558496306.947082, 7
1558496306.960350, 2
1558496306.973985, 2
1558496306.988084, 2
1558496307.001239, 3
1558496307.014577, 3
1558496307.028679, 5
1558496307.042138, 4
1558496307.055554, 5
1558496307.068824, 4
1558496307.082430, 5
1558496307.095560, 5
1558496307.109885, 5
1558496307.123636, 5
1558496307.137940, 7
1558496307.151953, 5
1558496307.165578, 7
1558496307.179454, 6
1558496307.193239, 7
1558496307.207055, 8
1558496307.220968, 8
1558496307.236750, 8
1558496307.252179, 8
1558496307.265534, 8
1558496307.279127, 9
1558496307.292792, 8
1558496307.306467, 8
1558496307.319843, 9
1558496307.333939, 10
1558496307.347427, 10
1558496307.361217, 9
1558496307.375299, 10
1558496307.389373, 6
1558496307.403048, 0
1558496307.417427, 0
1558496307.430953, 1
1558496307.444222, 0
1558496307.458466, 0
1558496307.471779, 0
1558496307.485460, 0
1558496307.498914, 0
1558496307.513335, 0
1558496307.537668, 0
1558496307.551604, 0
1558496307.566379, 0
1558496307.580765, 0
1558496307.594623, 0
1558496307.608801, 0
1558496307.622673, 1
1558496307.636194, 1
1558496307.649683, 0
1558496307.669768, 0
1558496307.684128, 0
1558496307.697616, 0
1558496307.711150, 0
1558496307.724586, 0
1558496307.737930, 1
1558496307.751181, 0
1558496307.764754, 0
1558496307.777955, 0
1558496307.791354, 0
1558496307.804957, 0
1558496307.818067, 0
1558496307.831358, 0
1558496307.844592, 0
1558496307.858090, 0
1558496307.871321, 0
1558496307.885248, 0
1558496307.898274, 0
1558496307.912017, 0
1558496307.925354, 0
1558496307.938854, 1
1558496307.952006, 0
1558496307.965045, 0
1558496307.978421, 0
1558496307.991833, 0
1558496308.005210, 0
1558496308.018650, 0
1558496308.032132, 0
1558496308.045894, 0
1558496308.059913, 0
1558496308.073166, 0
1558496308.087121, 0
1558496308.100753, 0
1558496308.114803, 0
1558496308.128499, 0
1558496308.142532, 0
1558496308.156067, 0
1558496308.169831, 0
1558496308.182898, 0
1558496308.196646, 0
1558496308.210702, 0
1558496308.224138, 0
1558496308.237304, 0
1558496308.250800, 0
1558496308.264505, 0
1558496308.278073, 0
1558496308.291308, 0
1558496308.304843, 0
1558496308.318076, 0
1558496308.331543, 0
1558496308.345038, 0
1558496308.358598, 0
1558496308.372616, 0
1558496308.386554, 0
1558496308.400962, 0
1558496308.415581, 0
1558496308.429344, 0
1558496308.442671, 1
1558496308.456090, 0
1558496308.469756, 0
1558496308.483575, 0
1558496308.496725, 0
1558496308.510204, 0
1558496308.524994, 0
1558496308.538379, 0
1558496308.551631, 0
1558496308.565026, 0
1558496308.578811, 0
1558496308.593155, 0
1558496308.607982, 0
1558496308.622654, 0
1558496308.636138, 0
1558496308.649676, 0
1558496308.663208, 0
1558496308.676552, 0
1558496308.689848, 0
1558496308.703015, 0
1558496308.716303, 0
1558496308.729107, 0
1558496308.742841, 1
1558496308.756297, 0
1558496308.770047, 0
1558496308.783640, 0
1558496308.796715, 0
1558496308.810246, 0
1558496308.823498, 0
1558496308.836722, 0
1558496308.849701, 0
1558496308.862957, 0
1558496308.878116, 0
1558496308.891727, 0
1558496308.904986, 0
1558496308.918594, 0
1558496308.932226, 0
1558496308.945783, 1
1558496308.959077, 0
1558496308.972659, 0
1558496308.985836, 0
1558496308.999860, 0
1558496309.013576, 0
1558496309.027650, 0
1558496309.040990, 0
1558496309.054560, 0
1558496309.068968, 0
1558496309.082445, 0
1558496309.095956, 0
1558496309.109324, 0
1558496309.122190, 0
1558496309.135936, 0
1558496309.149339, 1
1558496309.162650, 0
1558496309.175884, 0
1558496309.189700, 0
1558496309.203630, 0
1558496309.217148, 0
1558496309.231088, 0
1558496309.245110, 0
1558496309.258094, 0
1558496309.271941, 0
1558496309.285242, 0
1558496309.298842, 0
1558496309.311819, 0
1558496309.325145, 0
1558496309.339091, 0
1558496309.352092, 0
1558496309.365202, 0
1558496309.378598, 0
1558496309.392326, 0
1558496309.406348, 0
1558496309.419904, 0
1558496309.433817, 0
1558496309.447374, 1
1558496309.461325, 0
1558496309.475051, 0
1558496309.488243, 0
1558496309.501728, 0
1558496309.515107, 0
1558496309.529928, 0
1558496309.544089, 0
1558496309.557431, 0
1558496309.570528, 0
1558496309.585838, 0
1558496309.600724, 0
1558496309.614647, 0
1558496309.628454, 0
1558496309.643546, 0
1558496309.658366, 0
1558496309.672078, 0
1558496309.685695, 0
1558496309.699246, 0
1558496309.713340, 0
1558496309.726839, 0
1558496309.740213, 0
1558496309.753293, 1
1558496309.767487, 0
1558496309.781214, 0
1558496309.794687, 0
1558496309.808147, 0
1558496309.821464, 0
1558496309.834427, 0
1558496309.848119, 0
1558496309.861664, 0
1558496309.874845, 0
1558496309.888348, 0
1558496309.902415, 0
1558496309.916734, 0
1558496309.930176, 0
1558496309.943733, 0
1558496309.956982, 0
1558496309.971140, 0
1558496309.984694, 0
1558496309.998090, 0
1558496310.011413, 0
1558496310.025512, 0
1558496310.038777, 0
1558496310.051801, 0
1558496310.064902, 0
1558496310.078379, 0
1558496310.091566, 0
1558496310.104766, 0
1558496310.118891, 0
1558496310.132156, 0
1558496310.145682, 0
1558496310.159276, 0
1558496310.172807, 0
1558496310.185962, 0
1558496310.200218, 0
1558496310.214526, 0
1558496310.228200, 0
1558496310.241648, 0
1558496310.255629, 1
1558496310.269088, 0
1558496310.282185, 0
1558496310.295711, 0
1558496310.310065, 0
1558496310.322947, 0
1558496310.335992, 0
1558496310.349250, 0
1558496310.362518, 0
1558496310.376094, 0
1558496310.389891, 0
1558496310.403813, 0
1558496310.417647, 0
1558496310.431885, 0
1558496310.445365, 0
1558496310.458657, 1
1558496310.472540, 0
1558496310.486674, 0
1558496310.500642, 0
1558496310.514498, 0
1558496310.529002, 0
1558496310.543354, 0
1558496310.557342, 1
1558496310.570786, 0
1558496310.584267, 0
1558496310.597977, 0
1558496310.611466, 0
1558496310.625527, 0
1558496310.640156, 0
1558496310.653539, 0
1558496310.667203, 0
1558496310.682482, 0
1558496310.696639, 0
1558496310.710543, 0
1558496310.723909, 0
1558496310.737221, 0
1558496310.750804, 0
1558496310.763964, 1
1558496310.777159, 0
1558496310.790934, 0
1558496310.804872, 0
1558496310.818922, 0
1558496310.833249, 0
1558496310.846601, 0
1558496310.860162, 1
1558496310.873973, 0
1558496310.88