1558520811.880993, 0
1558520811.922575, 2
1558520811.959214, 7
1558520811.981593, 7
1558520811.997608, 12
1558520812.013093, 18
1558520812.028768, 21
1558520812.044179, 22
1558520812.059041, 27
1558520812.074797, 30
1558520812.090947, 36
1558520812.106250, 39
1558520812.121990, 46
1558520812.145625, 52
1558520812.161727, 55
1558520812.177215, 60
1558520812.193714, 64
1558520812.209125, 67
1558520812.225308, 74
1558520812.241101, 78
1558520812.257178, 83
1558520812.272874, 86
1558520812.289397, 91
1558520812.305065, 94
1558520812.321016, 99
1558520812.336133, 105
1558520812.352193, 108
1558520812.368485, 112
1558520812.383990, 118
1558520812.399661, 122
1558520812.415246, 125
1558520812.430532, 132
1558520812.446054, 136
1558520812.460864, 139
1558520812.477459, 147
1558520812.511458, 153
1558520812.526574, 158
1558520812.541923, 162
1558520812.557992, 168
1558520812.574597, 171
1558520812.590125, 175
1558520812.606976, 180
1558520812.622547, 184
1558520812.638087, 190
1558520812.653951, 194
1558520812.669829, 196
1558520812.685574, 200
1558520812.701377, 206
1558520812.717002, 209
1558520812.733122, 216
1558520812.748886, 220
1558520812.764540, 223
1558520812.780408, 229
1558520812.795949, 233
1558520812.811101, 237
1558520812.826143, 242
1558520812.841780, 247
1558520812.858018, 251
1558520812.873832, 253
1558520812.889558, 260
1558520812.912032, 264
1558520812.927054, 268
1558520812.943274, 274
1558520812.959263, 278
1558520812.975185, 281
1558520812.990701, 287
1558520813.006154, 291
1558520813.021427, 294
1558520813.037852, 301
1558520813.053643, 304
1558520813.074607, 314
1558520813.112056, 319
1558520813.128524, 322
1558520813.144559, 329
1558520813.160374, 333
1558520813.176063, 338
1558520813.192448, 341
1558520813.208368, 347
1558520813.225094, 350
1558520813.241096, 356
1558520813.256645, 361
1558520813.272970, 366
1558520813.289687, 368
1558520813.306420, 377
1558520813.332452, 380
1558520813.349034, 387
1558520813.364613, 390
1558520813.380088, 396
1558520813.395605, 400
1558520813.411585, 403
1558520813.427400, 409
1558520813.443179, 413
1558520813.459747, 419
1558520813.475441, 423
1558520813.491538, 426
1558520813.507026, 431
1558520813.522923, 435
1558520813.539535, 441
1558520813.555211, 445
1558520813.571264, 449
1558520813.586382, 454
1558520813.602297, 458
1558520813.617372, 462
1558520813.633178, 466
1558520813.648345, 470
1558520813.663235, 476
1558520813.678982, 483
1558520813.710079, 486
1558520813.725975, 490
1558520813.741724, 496
1558520813.756679, 500
1558520813.773683, 500
1558520813.789246, 500
1558520813.804937, 499
1558520813.821579, 500
1558520813.837261, 499
1558520813.853460, 500
1558520813.869177, 499
1558520813.885080, 500
1558520813.900231, 500
1558520813.915528, 500
1558520813.930609, 500
1558520813.946241, 499
1558520813.961420, 500
1558520813.977706, 500
1558520813.992529, 499
1558520814.008991, 500
1558520814.024705, 500
1558520814.040297, 500
1558520814.055743, 499
1558520814.071115, 500
1558520814.086471, 500
1558520814.102286, 499
1558520814.118356, 500
1558520814.134960, 499
1558520814.150540, 500
1558520814.165970, 500
1558520814.180830, 500
1558520814.197038, 499
1558520814.212387, 500
1558520814.228140, 500
1558520814.244298, 499
1558520814.259299, 500
1558520814.278139, 499
1558520814.314557, 499
1558520814.330467, 499
1558520814.346956, 499
1558520814.362527, 500
1558520814.378116, 499
1558520814.394017, 500
1558520814.409981, 500
1558520814.425613, 499
1558520814.442420, 500
1558520814.458383, 500
1558520814.473759, 499
1558520814.491300, 499
1558520814.507390, 500
1558520814.522650, 500
1558520814.538706, 499
1558520814.554080, 499
1558520814.570651, 499
1558520814.586939, 500
1558520814.603398, 499
1558520814.619851, 500
1558520814.636189, 500
1558520814.651879, 499
1558520814.667546, 499
1558520814.684961, 500
1558520814.701999, 500
1558520814.718726, 500
1558520814.734364, 500
1558520814.750189, 499
1558520814.766044, 500
1558520814.781812, 500
1558520814.797314, 499
1558520814.812180, 500
1558520814.828412, 500
1558520814.844021, 499
1558520814.859646, 500
1558520814.878163, 498
1558520814.911605, 499
1558520814.942336, 500
1558520814.958004, 500
1558520814.974559, 499
1558520814.989966, 500
1558520815.006613, 500
1558520815.023676, 500
1558520815.040001, 500
1558520815.056543, 500
1558520815.073207, 499
1558520815.088706, 499
1558520815.107990, 500
1558520815.123461, 500
1558520815.138913, 499
1558520815.154538, 500
1558520815.170531, 499
1558520815.187016, 500
1558520815.203812, 499
1558520815.219729, 500
1558520815.235650, 500
1558520815.252033, 500
1558520815.268651, 500
1558520815.284260, 500
1558520815.300796, 500
1558520815.316476, 499
1558520815.331946, 500
1558520815.347840, 500
1558520815.363528, 500
1558520815.378964, 500
1558520815.397220, 499
1558520815.413112, 499
1558520815.428591, 500
1558520815.444083, 499
1558520815.459515, 500
1558520815.478208, 500
1558520815.517563, 498
1558520815.533994, 500
1558520815.556286, 500
1558520815.573965, 499
1558520815.589616, 500
1558520815.605485, 500
1558520815.621840, 500
1558520815.637981, 500
1558520815.653433, 499
1558520815.669617, 500
1558520815.685486, 500
1558520815.701683, 500
1558520815.718479, 499
1558520815.734864, 500
1558520815.751536, 498
1558520815.767932, 499
1558520815.785471, 499
1558520815.801679, 499
1558520815.818241, 500
1558520815.833819, 500
1558520815.850871, 499
1558520815.867747, 500
1558520815.884719, 500
1558520815.900892, 500
1558520815.915900, 500
1558520815.930843, 499
1558520815.945781, 498
1558520815.960962, 499
1558520815.976387, 499
1558520815.992083, 499
1558520816.007912, 500
1558520816.024419, 499
1558520816.040277, 500
1558520816.055496, 500
1558520816.071534, 500
1558520816.111786, 499
1558520816.127429, 500
1558520816.143675, 500
1558520816.159918, 499
1558520816.175552, 499
1558520816.191288, 500
1558520816.206334, 499
1558520816.222214, 500
1558520816.237427, 500
1558520816.253282, 499
1558520816.269727, 500
1558520816.285748, 500
1558520816.301962, 499
1558520816.317555, 500
1558520816.333549, 500
1558520816.349798, 500
1558520816.365766, 499
1558520816.381827, 498
1558520816.397406, 500
1558520816.413526, 500
1558520816.428914, 499
1558520816.444449, 500
1558520816.460042, 500
1558520816.475966, 500
1558520816.492194, 500
1558520816.507875, 500
1558520816.523488, 500
1558520816.539822, 500
1558520816.555444, 499
1558520816.571196, 500
1558520816.586781, 500
1558520816.602362, 499
1558520816.618484, 500
1558520816.634119, 500
1558520816.649701, 500
1558520816.664821, 499
1558520816.680375, 499
1558520816.716733, 499
1558520816.732593, 500
1558520816.748941, 499
1558520816.764528, 500
1558520816.780235, 500
1558520816.795853, 500
1558520816.811809, 500
1558520816.827328, 500
1558520816.842238, 500
1558520816.857956, 500
1558520816.873737, 500
1558520816.889327, 500
1558520816.904487, 499
1558520816.919890, 500
1558520816.935686, 500
1558520816.951750, 499
1558520816.968026, 500
1558520816.983645, 499
1558520816.999615, 500
1558520817.015139, 500
1558520817.030598, 500
1558520817.045388, 500
1558520817.060107, 499
1558520817.075643, 500
1558520817.091158, 500
1558520817.105919, 500
1558520817.121607, 500
1558520817.142313, 499
1558520817.157174, 500
1558520817.172810, 499
1558520817.188677, 500
1558520817.205155, 499
1558520817.221844, 500
1558520817.236975, 500
1558520817.252940, 499
1558520817.268832, 500
1558520817.285825, 499
1558520817.319924, 500
1558520817.335950, 499
1558520817.352673, 500
1558520817.368450, 500
1558520817.385392, 498
1558520817.401485, 498
1558520817.416978, 497
1558520817.443308, 499
1558520817.458961, 499
1558520817.475437, 498
1558520817.490326, 498
1558520817.506184, 497
1558520817.521962, 498
1558520817.538057, 499
1558520817.553642, 498
1558520817.569179, 498
1558520817.585284, 497
1558520817.601724, 498
1558520817.616974, 497
1558520817.633795, 497
1558520817.649389, 498
1558520817.665559, 500
1558520817.681511, 499
1558520817.697021, 498
1558520817.712273, 499
1558520817.727905, 500
1558520817.742660, 500
1558520817.758150, 499
1558520817.773822, 500
1558520817.789230, 498
1558520817.804552, 499
1558520817.820210, 499
1558520817.836159, 499
1558520817.852156, 500
1558520817.867317, 499
1558520817.883601, 499
1558520817.916286, 498
1558520817.931523, 500
1558520817.947448, 500
1558520817.962402, 499
1558520817.977667, 498
1558520818.005218, 494
1558520818.020952, 494
1558520818.036941, 495
1558520818.052630, 495
1558520818.068461, 495
1558520818.084189, 496
1558520818.100689, 494
1558520818.116237, 495
1558520818.132466, 494
1558520818.148762, 495
1558520818.164215, 497
1558520818.179416, 495
1558520818.194988, 500
1558520818.210478, 500
1558520818.225438, 500
1558520818.241072, 499
1558520818.256490, 499
1558520818.272380, 499
1558520818.288251, 500
1558520818.303251, 500
1558520818.318853, 500
1558520818.334816, 500
1558520818.350898, 500
1558520818.365869, 499
1558520818.380865, 500
1558520818.396451, 500
1558520818.412427, 500
1558520818.427725, 499
1558520818.443291, 499
1558520818.458641, 498
1558520818.474030, 499
1558520818.510120, 499
1558520818.528779, 498
1558520818.544164, 500
1558520818.561309, 500
1558520818.576949, 499
1558520818.592349, 499
1558520818.608390, 499
1558520818.623934, 497
1558520818.640804, 499
1558520818.656261, 500
1558520818.671562, 499
1558520818.687226, 499
1558520818.702563, 500
1558520818.718233, 499
1558520818.733988, 499
1558520818.750022, 500
1558520818.766218, 499
1558520818.782045, 499
1558520818.797688, 497
1558520818.813361, 499
1558520818.828724, 499
1558520818.844608, 499
1558520818.859986, 500
1558520818.875200, 499
1558520818.891369, 499
1558520818.907084, 499
1558520818.922878, 499
1558520818.938086, 498
1558520818.953360, 499
1558520818.969314, 500
1558520818.984612, 500
1558520819.000657, 498
1558520819.016593, 498
1558520819.033035, 499
1558520819.049044, 499
1558520819.064703, 499
1558520819.085964, 498
1558520819.124979, 498
1558520819.140062, 499
1558520819.154978, 499
1558520819.170242, 500
1558520819.186481, 499
1558520819.202021, 498
1558520819.217583, 499
1558520819.233621, 497
1558520819.249593, 500
1558520819.265457, 500
1558520819.281608, 500
1558520819.297115, 499
1558520819.312462, 497
1558520819.327811, 494
1558520819.343301, 497
1558520819.359609, 499
1558520819.374606, 499
1558520819.390269, 496
1558520819.405812, 497
1558520819.421679, 499
1558520819.437237, 496
1558520819.453369, 495
1558520819.468840, 494
1558520819.484949, 495
1558520819.500427, 494
1558520819.518172, 499
1558520819.547725, 496
1558520819.563966, 500
1558520819.579581, 499
1558520819.595650, 499
1558520819.611577, 500
1558520819.627889, 497
1558520819.644082, 498
1558520819.660188, 500
1558520819.676268, 498
1558520819.723362, 497
1558520819.755535, 499
1558520819.770998, 500
1558520819.786768, 498
1558520819.802761, 499
1558520819.819045, 500
1558520819.835786, 499
1558520819.852152, 499
1558520819.868209, 500
1558520819.883217, 498
1558520819.899012, 495
1558520819.914471, 495
1558520819.929947, 496
1558520819.944676, 498
1558520819.959540, 498
1558520819.975257, 496
1558520819.999380, 498
1558520820.032770, 496
1558520820.049230, 498
1558520820.065080, 499
1558520820.081275, 498
1558520820.119597, 499
1558520820.139832, 498
1558520820.156196, 498
1558520820.172229, 500
1558520820.187790, 500
1558520820.203015, 498
1558520820.218511, 497
1558520820.234025, 494
1558520820.250413, 498
1558520820.266886, 498
1558520820.285538, 498
1558520820.324614, 500
1558520820.340829, 496
1558520820.355975, 494
1558520820.371411, 495
1558520820.386628, 495
1558520820.402343, 495
1558520820.418324, 498
1558520820.434637, 496
1558520820.450242, 496
1558520820.465683, 499
1558520820.480817, 498
1558520820.497315, 500
1558520820.513352, 497
1558520820.528937, 499
1558520820.544770, 499
1558520820.560577, 499
1558520820.576441, 500
1558520820.593127, 498
1558520820.609757, 498
1558520820.626227, 499
1558520820.641953, 499
1558520820.658160, 499
1558520820.674672, 499
1558520820.690373, 499
1558520820.706177, 498
1558520820.721727, 497
1558520820.736757, 497
1558520820.752265, 500
1558520820.767076, 498
1558520820.783535, 495
1558520820.799560, 497
1558520820.816548, 496
1558520820.833070, 496
1558520820.850699, 499
1558520820.867235, 498
1558520820.885794, 499
1558520820.928041, 499
1558520820.943336, 500
1558520820.958689, 499
1558520820.974228, 499
1558520820.989638, 498
1558520821.005904, 498
1558520821.021446, 499
1558520821.037177, 499
1558520821.052527, 498
1558520821.068355, 498
1558520821.084055, 495
1558520821.100468, 498
1558520821.116692, 498
1558520821.132283, 499
1558520821.147823, 495
1558520821.164122, 497
1558520821.178966, 500
1558520821.194382, 496
1558520821.209807, 495
1558520821.226043, 495
1558520821.241550, 497
1558520821.256985, 494
1558520821.272568, 496
1558520821.288337, 497
1558520821.304105, 494
1558520821.319551, 496
1558520821.335204, 495
1558520821.350850, 500
1558520821.366388, 500
1558520821.381931, 500
1558520821.398221, 497
1558520821.414204, 499
1558520821.430088, 499
1558520821.446881, 497
1558520821.463621, 499
1558520821.479591, 498
1558520821.521633, 499
1558520821.537120, 498
1558520821.552843, 498
1558520821.568168, 497
1558520821.584255, 498
1558520821.600173, 498
1558520821.616420, 496
1558520821.632004, 498
1558520821.647759, 497
1558520821.676479, 497
1558520821.691969, 497
1558520821.707606, 497
1558520821.723796, 497
1558520821.738993, 497
1558520821.754514, 498
1558520821.769996, 498
1558520821.786357, 500
1558520821.801674, 499
1558520821.817004, 500
1558520821.832534, 498
1558520821.848750, 500
1558520821.865307, 500
1558520821.881891, 499
1558520821.898731, 498
1558520821.915054, 497
1558520821.930605, 496
1558520821.945828, 499
1558520821.960848, 499
1558520821.977712, 500
1558520821.992777, 496
1558520822.008229, 497
1558520822.023607, 498
1558520822.039585, 494
1558520822.055073, 495
1558520822.070638, 494
1558520822.086652, 494
1558520822.126228, 495
1558520822.141590, 494
1558520822.156936, 496
1558520822.172287, 495
1558520822.187793, 498
1558520822.203699, 497
1558520822.219273, 499
1558520822.235258, 500
1558520822.251206, 500
1558520822.266652, 499
1558520822.282628, 499
1558520822.298582, 499
1558520822.314296, 499
1558520822.330997, 500
1558520822.347141, 500
1558520822.362563, 500
1558520822.379372, 498
1558520822.395341, 497
1558520822.411015, 495
1558520822.426379, 498
1558520822.441702, 496
1558520822.457307, 496
1558520822.473575, 495
1558520822.489240, 495
1558520822.504645, 495
1558520822.520533, 496
1558520822.536405, 496
1558520822.552059, 496
1558520822.567135, 498
1558520822.583131, 499
1558520822.598999, 499
1558520822.614631, 498
1558520822.630639, 500
1558520822.647326, 499
1558520822.663209, 499
1558520822.679414, 500
1558520822.694932, 499
1558520822.709866, 498
1558520822.725232, 498
1558520822.740787, 496
1558520822.756256, 498
1558520822.772041, 500
1558520822.786874, 498
1558520822.802151, 498
1558520822.817803, 498
1558520822.833833, 500
1558520822.850001, 497
1558520822.865560, 496
1558520822.881184, 495
1558520822.897301, 495
1558520822.913992, 496
1558520822.929590, 497
1558520822.945045, 497
1558520822.960535, 495
1558520822.976320, 495
1558520822.991968, 498
1558520823.008106, 497
1558520823.024044, 498
1558520823.039771, 498
1558520823.054784, 497
1558520823.069968, 496
1558520823.086162, 494
1558520823.102331, 494
1558520823.118203, 495
1558520823.133811, 494
1558520823.149344, 494
1558520823.164988, 493
1558520823.180748, 493
1558520823.196112, 490
1558520823.211852, 488
1558520823.227461, 486
1558520823.242990, 482
1558520823.258473, 478
1558520823.287543, 474
1558520823.303923, 469
1558520823.319346, 465
1558520823.350170, 462
1558520823.366171, 459
1558520823.382536, 454
1558520823.398421, 450
1558520823.414735, 448
1558520823.429647, 446
1558520823.447022, 444
1558520823.462430, 440
1558520823.478878, 438
1558520823.494163, 435
1558520823.509918, 432
1558520823.524789, 430
1558520823.540908, 425
1558520823.556335, 422
1558520823.571525, 415
1558520823.586492, 413
1558520823.603201, 409
1558520823.618228, 407
1558520823.633158, 400
1558520823.649381, 396
1558520823.664582, 393
1558520823.680479, 387
1558520823.705265, 380
1558520823.720768, 373
1558520823.736164, 367
1558520823.751624, 361
1558520823.767098, 357
1558520823.782712, 354
1558520823.798088, 357
1558520823.818970, 358
1558520823.834928, 359
1558520823.851036, 355
1558520823.881296, 357
1558520823.897834, 354
1558520823.912924, 355
1558520823.928297, 354
1558520823.943171, 355
1558520823.958484, 353
1558520823.973558, 354
1558520823.989871, 353
1558520824.005296, 354
1558520824.020986, 353
1558520824.036565, 353
1558520824.052803, 352
1558520824.068332, 352
1558520824.083931, 353
1558520824.099250, 353
1558520824.115089, 352
1558520824.130799, 353
1558520824.146214, 351
1558520824.161605, 351
1558520824.178285, 351
1558520824.194166, 348
1558520824.210133, 344
1558520824.225927, 339
1558520824.242170, 337
1558520824.257649, 331
1558520824.273231, 326
1558520824.288747, 323
1558520824.304890, 321
1558520824.320290, 316
1558520824.335888, 309
1558520824.351061, 302
1558520824.367518, 295
1558520824.383157, 290
1558520824.398631, 284
1558520824.413742, 277
1558520824.429297, 271
1558520824.445508, 264
1558520824.461460, 258
1558520824.476669, 251
1558520824.492765, 246
1558520824.507526, 240
1558520824.522985, 233
1558520824.538223, 228
1558520824.553666, 221
1558520824.569462, 214
1558520824.585131, 208
1558520824.600929, 202
1558520824.617724, 195
1558520824.633021, 192
1558520824.649147, 192
1558520824.664586, 190
1558520824.680165, 189
1558520824.696360, 188
1558520824.712099, 188
1558520824.728387, 186
1558520824.745937, 185
1558520824.762098, 187
1558520824.777639, 186
1558520824.793472, 187
1558520824.809442, 187
1558520824.824770, 187
1558520824.840282, 187
1558520824.855314, 186
1558520824.871342, 186
1558520824.887108, 186
1558520824.902238, 187
1558520824.917794, 186
1558520824.954371, 185
1558520824.986136, 187
1558520825.021200, 186
1558520825.048551, 186
1558520825.065633, 186
1558520825.082575, 186
1558520825.098894, 186
1558520825.115435, 188
1558520825.131097, 188
1558520825.147702, 187
1558520825.164703, 187
1558520825.180400, 186
1558520825.196619, 187
1558520825.211965, 188
1558520825.228281, 187
1558520825.244865, 187
1558520825.260701, 187
1558520825.276196, 187
1558520825.292683, 187
1558520825.307964, 188
1558520825.325892, 187
1558520825.340988, 187
1558520825.357244, 188
1558520825.379504, 185
1558520825.397550, 186
1558520825.413388, 188
1558520825.428878, 188
1558520825.445103, 186
1558520825.460643, 187
1558520825.477196, 187
1558520825.492871, 186
1558520825.508752, 188
1558520825.523666, 188
1558520825.539777, 187
1558520825.555390, 188
1558520825.570978, 187
1558520825.586516, 187
1558520825.601748, 188
1558520825.617517, 189
1558520825.633771, 188
1558520825.649632, 187
1558520825.666708, 188
1558520825.693425, 188
1558520825.741726, 187
1558520825.776873, 186
1558520825.816876, 189
1558520825.852011, 188
1558520825.886167, 186
1558520825.923287, 187
1558520825.959407, 187
1558520825.991540, 187
1558520826.027670, 188
1558520826.056944, 187
1558520826.093090, 188
1558520826.122343, 189
1558520826.155420, 188
1558520826.172193, 187
1558520826.188169, 188
1558520826.204002, 188
1558520826.219603, 188
1558520826.234988, 189
1558520826.251068, 187
1558520826.267785, 187
1558520826.295409, 188
1558520826.312694, 188
1558520826.333993, 189
1558520826.350422, 188
1558520826.367276, 187
1558520826.383874, 188
1558520826.399895, 188
1558520826.416816, 189
1558520826.432766, 188
1558520826.456619, 188
1558520826.472691, 189
1558520826.491245, 188
1558520826.526488, 189
1558520826.543103, 189
1558520826.559927, 188
1558520826.575256, 189
1558520826.591237, 188
1558520826.607069, 189
1558520826.622568, 189
1558520826.637790, 190
1558520826.653475, 189
1558520826.668988, 188
1558520826.684421, 189
1558520826.700426, 188
1558520826.715905, 189
1558520826.731467, 189
1558520826.747036, 190
1558520826.762922, 189
1558520826.779211, 189
1558520826.795188, 189
1558520826.811585, 189
1558520826.827472, 191
1558520826.843278, 190
1558520826.859485, 189
1558520826.874868, 189
1558520826.901923, 188
1558520826.929451, 191
1558520826.946319, 191
1558520826.961863, 189
1558520826.977619, 189
1558520826.994214, 190
1558520827.009652, 189
1558520827.034467, 191
1558520827.050005, 191
1558520827.065579, 190
1558520827.081986, 190
1558520827.098329, 191
1558520827.125409, 191
1558520827.142330, 189
1558520827.174445, 190
1558520827.206658, 190
1558520827.239853, 189
1558520827.269131, 189
1558520827.304275, 189
1558520827.343327, 190
1558520827.378437, 188
1558520827.416518, 190
1558520827.455550, 189
1558520827.497807, 188
1558520827.538496, 190
1558520827.572654, 189
1558520827.603898, 189
1558520827.640003, 190
1558520827.669299, 189
1558520827.703171, 188
1558520827.739689, 190
1558520827.774735, 188
1558520827.810540, 191
1558520827.844989, 190
1558520827.877165, 189
1558520827.898103, 189
1558520827.915423, 190
1558520827.930867, 192
1558520827.947151, 191
1558520827.962144, 191
1558520827.978263, 189
1558520827.993820, 190
1558520828.009853, 190
1558520828.025477, 189
1558520828.041084, 192
1558520828.056459, 191
1558520828.072631, 189
1558520828.088139, 190
1558520828.104595, 190
1558520828.119607, 189
1558520828.135230, 191
1558520828.150827, 192
1558520828.165873, 190
1558520828.180736, 189
1558520828.196947, 189
1558520828.212241, 190
1558520828.228549, 190
1558520828.243856, 190
1558520828.260192, 192
1558520828.275441, 190
1558520828.291218, 190
1558520828.306690, 191
1558520828.323269, 190
1558520828.338979, 192
1558520828.355441, 191
1558520828.370363, 190
1558520828.386113, 191
1558520828.401518, 191
1558520828.417457, 191
1558520828.433494, 191
1558520828.468625, 191
1558520828.484259, 191
1558520828.499614, 190
1558520828.515003, 191
1558520828.531224, 192
1558520828.547280, 191
1558520828.563578, 192
1558520828.579415, 191
1558520828.595026, 190
1558520828.611163, 191
1558520828.627090, 191
1558520828.642879, 192
1558520828.658697, 192
1558520828.674816, 190
1558520828.690580, 191
1558520828.706066, 190
1558520828.721783, 191
1558520828.737235, 191
1558520828.753668, 192
1558520828.769383, 191
1558520828.784714, 191
1558520828.801021, 191
1558520828.817329, 191
1558520828.833915, 191
1558520828.849573, 192
1558520828.865050, 192
1558520828.881959, 191
1558520828.898107, 190
1558520828.913861, 192
1558520828.929703, 191
1558520828.946000, 191
1558520828.969558, 193
1558520828.985276, 191
1558520829.000489, 191
1558520829.016460, 191
1558520829.032799, 191
1558520829.067846, 192
1558520829.083801, 191
1558520829.099199, 191
1558520829.115455, 191
1558520829.131035, 190
1558520829.147036, 192
1558520829.163375, 192
1558520829.178816, 192
1558520829.195043, 191
1558520829.211323, 192
1558520829.251419, 192
1558520829.266791, 192
1558520829.282328, 192
1558520829.297762, 193
1558520829.313008, 192
1558520829.329157, 191
1558520829.345803, 192
1558520829.361827, 193
1558520829.377510, 193
1558520829.393258, 191
1558520829.435320, 192
1558520829.478290, 191
1558520829.511342, 191
1558520829.547494, 193
1558520829.587479, 192
1558520829.631429, 192
1558520829.700753, 193
1558520829.733901, 192
1558520829.764263, 193
1558520829.796333, 190
1558520829.824678, 192
1558520829.856843, 192
1558520829.885161, 193
1558520829.914931, 192
1558520829.944716, 193
1558520829.973978, 192
1558520830.004259, 191
1558520830.036465, 192
1558520830.080450, 191
1558520830.116537, 192
1558520830.146728, 192
1558520830.175037, 192
1558520830.202390, 192
1558520830.234575, 192
1558520830.263905, 192
1558520830.298932, 192
1558520830.333608, 193
1558520830.349772, 192
1558520830.365696, 193
1558520830.381344, 193
1558520830.397055, 193
1558520830.413517, 193
1558520830.429316, 192
1558520830.445550, 193
1558520830.466437, 193
1558520830.482668, 193
1558520830.498608, 193
1558520830.514537, 192
1558520830.530563, 192
1558520830.558954, 193
1558520830.575036, 193
1558520830.591680, 194
1558520830.608530, 193
1558520830.671126, 193
1558520830.698982, 193
1558520830.735094, 192
1558520830.772229, 194
1558520830.828795, 193
1558520830.868793, 193
1558520830.908820, 193
1558520830.947858, 194
1558520830.981092, 194
1558520831.017162, 192
1558520831.054241, 192
1558520831.098168, 194
1558520831.135254, 192
1558520831.176274, 194
1558520831.212367, 195
1558520831.248466, 195
1558520831.280732, 194
1558520831.313873, 193
1558520831.356843, 194
1558520831.396918, 193
1558520831.432001, 193
1558520831.467132, 194
1558520831.504228, 193
1558520831.539952, 193
1558520831.577415, 194
1558520831.611576, 194
1558520831.645724, 193
1558520831.678070, 194
1558520831.714050, 194
1558520831.744316, 193
1558520831.780394, 194
1558520831.816493, 195
1558520831.852612, 193
1558520831.890684, 194
1558520831.926828, 194
1558520831.963955, 194
1558520831.999025, 194
1558520832.036407, 194
1558520832.066361, 195
1558520832.102507, 193
1558520832.139611, 194
1558520832.173749, 194
1558520832.207926, 194
1558520832.242857, 194
1558520832.279641, 195
1558520832.315234, 194
1558520832.354271, 195
1558520832.409914, 195
1558520832.447017, 193
1558520832.482172, 196
1558520832.523168, 194
1558520832.563137, 195
1558520832.599373, 196
1558520832.640143, 195
1558520832.678336, 196
1558520832.701736, 195
1558520832.737946, 196
1558520832.764676, 196
1558520832.795494, 195
1558520832.828679, 196
1558520832.861889, 193
1558520832.897023, 195
1558520832.936033, 195
1558520832.970206, 195
1558520833.001436, 196
1558520833.036565, 195
1558520833.074627, 196
1558520833.109768, 195
1558520833.142950, 195
1558520833.177140, 196
1558520833.209336, 196
1558520833.243473, 195
1558520833.280592, 196
1558520833.313798, 195
1558520833.351834, 195
1558520833.384053, 195
1558520833.417214, 197
1558520833.449414, 194
1558520833.487514, 195
1558520833.528477, 196
1558520833.560671, 196
1558520833.607530, 197
1558520833.659346, 196
1558520833.696381, 196
1558520833.730531, 197
1558520833.770552, 197
1558520833.806173, 196
1558520833.838837, 196
1558520833.875956, 195
1558520833.905200, 196
1558520833.940369, 197
1558520833.978417, 196
1558520834.008667, 196
1558520834.042850, 196
1558520834.077993, 198
1558520834.110292, 197
1558520834.145396, 196
1558520834.174147, 197
1558520834.194139, 196
1558520834.215624, 197
1558520834.259852, 197
1558520834.291754, 196
1558520834.329830, 198
1558520834.362979, 196
1558520834.402066, 197
1558520834.439153, 196
1558520834.478364, 198
1558520834.513313, 197
1558520834.557211, 197
1558520834.594324, 198
1558520834.629436, 197
1558520834.666522, 197
1558520834.706573, 197
1558520834.741675, 196
1558520834.774960, 196
1558520834.806104, 198
1558520834.840252, 196
1558520834.879290, 197
1558520834.920018, 198
1558520834.954451, 197
1558520834.991530, 198
1558520835.025754, 198
1558520835.064728, 197
1558520835.097921, 198
1558520835.130136, 198
1558520835.161522, 196
1558520835.195510, 198
1558520835.226325, 198
1558520835.261900, 197
1558520835.303888, 198
1558520835.336059, 198
1558520835.372163, 197
1558520835.407308, 198
1558520835.445367, 198
1558520835.480503, 199
1558520835.510784, 198
1558520835.549861, 197
1558520835.582293, 197
1558520835.601528, 199
1558520835.631906, 198
1558520835.667913, 197
1558520835.703041, 200
1558520835.730411, 198
1558520835.756719, 199
1558520835.786959, 198
1558520835.808437, 198
1558520835.836739, 199
1558520835.871910, 198
1558520835.907047, 199
1558520835.931119, 199
1558520835.955816, 199
1558520835.985264, 198
1558520836.018778, 199
1558520836.049509, 199
1558520836.080749, 198
1558520836.105053, 199
1558520836.137884, 199
1558520836.160774, 197
1558520836.192027, 199
1558520836.226188, 198
1558520836.248610, 199
1558520836.278896, 197
1558520836.300352, 199
1558520836.337686, 199
1558520836.357937, 200
1558520836.382326, 198
1558520836.401537, 198
1558520836.422342, 199
1558520836.445811, 201
1558520836.470180, 199
1558520836.494645, 199
1558520836.518016, 199
1558520836.540470, 200
1558520836.562915, 199
1558520836.585369, 199
1558520836.604890, 199
1558520836.627385, 200
1558520836.648054, 201
1558520836.671912, 200
1558520836.695634, 198
1558520836.716147, 200
1558520836.736652, 200
1558520836.764491, 199
1558520836.795177, 199
1558520836.830235, 200
1558520836.853762, 199
1558520836.882153, 199
1558520836.902975, 199
1558520836.927908, 201
1558520836.950763, 200
1558520836.975740, 200
1558520836.996723, 200
1558520837.015273, 199
1558520837.039073, 200
1558520837.060648, 200
1558520837.087009, 200
1558520837.112105, 198
1558520837.135514, 201
1558520837.153873, 200
1558520837.179724, 200
1558520837.202166, 199
1558520837.226566, 200
1558520837.249022, 199
1558520837.276374, 200
1558520837.303689, 199
1558520837.334905, 200
1558520837.368093, 200
1558520837.393502, 200
1558520837.424709, 201
1558520837.457428, 201
1558520837.487654, 201
1558520837.515503, 200
1558520837.538926, 202
1558520837.566233, 201
1558520837.596074, 201
1558520837.623869, 201
1558520837.654754, 200
1558520837.691156, 199
1558520837.729222, 201
1558520837.761466, 201
1558520837.794622, 200
1558520837.831683, 200
1558520837.875643, 200
1558520837.909403, 200
1558520837.939048, 200
1558520837.974186, 202
1558520838.018100, 202
1558520838.052856, 201
1558520838.085453, 202
1558520838.118672, 201
1558520838.152791, 200
1558520838.186995, 200
1558520838.221159, 200
1558520838.253496, 201
1558520838.286545, 201
1558520838.322648, 199
1558520838.356773, 203
1558520838.381784, 203
1558520838.407534, 201
1558520838.433891, 203
1558520838.471940, 203
1558520838.507087, 201
1558520838.538312, 202
1558520838.569542, 202
1558520838.600782, 200
1558520838.638851, 202
1558520838.673005, 202
1558520838.711714, 201
1558520838.741339, 202
1558520838.775511, 202
1558520838.809646, 201
1558520838.843798, 202
1558520838.868209, 202
1558520838.900427, 201
1558520838.932609, 200
1558520838.962898, 202
1558520838.990205, 202
1558520839.024402, 201
1558520839.059574, 202
1558520839.091727, 202
1558520839.126917, 202
1558520839.165873, 201
1558520839.204917, 201
1558520839.243751, 202
1558520839.274261, 202
1558520839.333826, 201
1558520839.362656, 204
1558520839.392368, 202
1558520839.419883, 205
1558520839.472385, 203
1558520839.508506, 203
1558520839.528001, 202
1558520839.558232, 204
1558520839.577976, 203
1558520839.607047, 202
1558520839.635337, 203
1558520839.663707, 203
1558520839.694940, 203
1558520839.726168, 203
1558520839.759288, 204
1558520839.788570, 203
1558520839.822744, 203
1558520839.850120, 204
1558520839.881339, 203
1558520839.913507, 203
1558520839.945728, 202
1558520839.985725, 202
1558520840.018906, 203
1558520840.046264, 203
1558520840.082342, 203
1558520840.117490, 202
1558520840.155538, 204
1558520840.188730, 202
1558520840.222822, 201
1558520840.260987, 203
1558520840.296085, 202
1558520840.334170, 202
1558520840.371238, 205
1558520840.404964, 204
1558520840.440689, 204
1558520840.476683, 204
1558520840.508870, 204
1558520840.539115, 202
1558520840.570869, 204
1558520840.606470, 204
1558520840.641605, 203
1558520840.672843, 205
1558520840.709914, 204
1558520840.747969, 202
1558520840.781222, 205
1558520840.816329, 204
1558520840.851458, 202
1558520840.882668, 204
1558520840.916815, 204
1558520840.954917, 203
1558520840.992009, 204
1558520841.023228, 204
1558520841.055449, 204
1558520841.086649, 204
1558520841.118870, 204
1558520841.150106, 202
1558520841.184279, 203
1558520841.224314, 204
1558520841.257496, 204
1558520841.299448, 204
1558520841.337485, 204
1558520841.372678, 206
1558520841.406843, 204
1558520841.440978, 204
1558520841.472904, 205
1558520841.497475, 204
1558520841.537604, 205
1558520841.569787, 205
1558520841.599054, 206
1558520841.622483, 205
1558520841.649800, 204
1558520841.683959, 205
1558520841.713254, 204
1558520841.737473, 206
1558520841.761075, 204
1558520841.780577, 205
1558520841.807028, 203
1558520841.835242, 205
1558520841.869411, 204
1558520841.906496, 205
1558520841.936743, 205
1558520841.976713, 205
1558520841.993359, 205
1558520842.011466, 205
1558520842.030433, 205
1558520842.053848, 206
1558520842.075585, 204
1558520842.095897, 206
1558520842.118973, 206
1558520842.137392, 205
1558520842.155379, 206
1558520842.173218, 205
1558520842.190342, 205
1558520842.207655, 205
1558520842.239303, 204
1558520842.278376, 204
1558520842.317385, 205
1558520842.363313, 205
1558520842.397416, 205
1558520842.432557, 206
1558520842.467730, 205
1558520842.500925, 206
1558520842.532150, 206
1558520842.567263, 204
1558520842.602443, 206
1558520842.647311, 206
1558520842.685419, 204
1558520842.721451, 206
1558520842.759507, 206
1558520842.786883, 204
1558520842.822031, 206
1558520842.852372, 206
1558520842.869591, 206
1558520842.885373, 205
1558520842.910787, 205
1558520842.930803, 206
1558520842.970323, 206
1558520843.006565, 205
1558520843.071839, 205
1558520843.114839, 207
1558520843.146983, 206
1558520843.178339, 207
1558520843.217040, 205
1558520843.247532, 206
1558520843.287608, 205
1558520843.321721, 206
1558520843.354881, 206
1558520843.389103, 207
1558520843.418309, 205
1558520843.452471, 207
1558520843.488586, 206
1558520843.520802, 207
1558520843.554013, 207
1558520843.586848, 205
1558520843.627686, 207
1558520843.662336, 207
1558520843.696471, 207
1558520843.729669, 205
1558520843.767744, 206
1558520843.800932, 206
1558520843.838975, 207
1558520843.873126, 206
1558520843.907310, 206
1558520843.943516, 207
1558520843.975608, 207
1558520844.009813, 206
1558520844.042020, 207
1558520844.076131, 207
1558520844.114234, 206
1558520844.149357, 207
1558520844.181140, 207
1558520844.212806, 207
1558520844.248937, 208
1558520844.285093, 207
1558520844.323930, 206
1558520844.360212, 207
1558520844.395342, 209
1558520844.427490, 207
1558520844.458803, 209
1558520844.490027, 208
1558520844.519277, 208
1558520844.552495, 208
1558520844.587654, 208
1558520844.620789, 207
1558520844.653963, 208
1558520844.691081, 207
1558520844.725213, 208
1558520844.756419, 208
1558520844.787696, 207
1558520844.824772, 207
1558520844.857920, 208
1558520844.895043, 208
1558520844.926240, 208
1558520844.971208, 209
1558520845.005024, 208
1558520845.038583, 207
1558520845.071712, 207
1558520845.103871, 208
1558520845.141999, 207
1558520845.176079, 209
1558520845.206394, 209
1558520845.239536, 209
1558520845.274668, 208
1558520845.307865, 208
1558520845.345946, 208
1558520845.386977, 209
1558520845.420153, 208
1558520845.458239, 208
1558520845.498236, 209
1558520845.529411, 209
1558520845.561646, 210
1558520845.598731, 210
1558520845.634845, 209
1558520845.669061, 209
1558520845.702185, 211
1558520845.737350, 210
1558520845.772502, 209
1558520845.806119, 210
1558520845.837847, 209
1558520845.874976, 209
1558520845.909145, 210
1558520845.946245, 209
1558520845.980331, 208
1558520846.013541, 209
1558520846.049683, 210
1558520846.081818, 209
1558520846.116965, 210
1558520846.148265, 209
1558520846.185408, 208
1558520846.219440, 208
1558520846.254580, 209
1558520846.289766, 209
1558520846.324916, 210
1558520846.357055, 207
1558520846.418558, 209
1558520846.452769, 210
1558520846.484903, 210
1558520846.518124, 209
1558520846.545107, 210
1558520846.577628, 210
1558520846.611774, 211
1558520846.632299, 209
1558520846.665489, 211
1558520846.694084, 211
1558520846.717187, 212
1558520846.741601, 210
1558520846.763418, 210
1558520846.789349, 210
1558520846.806981, 211
1558520846.839192, 211
1558520846.862877, 211
1558520846.881584, 210
1558520846.899624, 211
1558520846.932895, 210
1558520846.962188, 210
1558520846.993400, 210
1558520847.018504, 210
1558520847.048054, 211
1558520847.068572, 209
1558520847.106608, 210
1558520847.127115, 210
1558520847.174951, 210
1558520847.198355, 210
1558520847.233455, 211
1558520847.252072, 210
1558520847.284245, 210
1558520847.312551, 211
1558520847.344772, 210
1558520847.378920, 210
1558520847.409185, 211
1558520847.440693, 210
1558520847.468789, 213
1558520847.507761, 212
1558520847.539964, 211
1558520847.568283, 211
1558520847.603614, 210
1558520847.634032, 211
1558520847.667911, 211
1558520847.705888, 209
1558520847.731287, 211
1558520847.766681, 210
1558520847.798502, 211
1558520847.837809, 211
1558520847.872800, 211
1558520847.892607, 211
1558520847.918273, 211
1558520847.948989, 211
1558520847.991032, 212
1558520848.025051, 212
1558520848.056969, 211
1558520848.078381, 212
1558520848.098233, 212
1558520848.123687, 211
1558520848.150972, 211
1558520848.170862, 212
1558520848.191007, 211
1558520848.243663, 211
1558520848.292377, 212
1558520848.320309, 212
1558520848.350047, 213
1558520848.392504, 212
1558520848.422331, 213
1558520848.453759, 211
1558520848.484819, 212
1558520848.517997, 212
1558520848.550163, 212
1558520848.581052, 212
1558520848.610625, 213
1558520848.647723, 212
1558520848.676993, 212
1558520848.715073, 213
1558520848.748251, 212
1558520848.775339, 211
1558520848.815610, 211
1558520848.844877, 212
1558520848.874183, 212
1558520848.895617, 212
1558520848.930778, 212
1558520848.953275, 212
1558520848.981996, 212
1558520849.013728, 213
1558520849.052951, 213
1558520849.072313, 213
1558520849.091693, 213
1558520849.114659, 211
1558520849.134779, 212
1558520849.156208, 213
1558520849.195890, 213
1558520849.225549, 212
1558520849.251670, 213
1558520849.272497, 212
1558520849.304592, 212
1558520849.335809, 212
1558520849.368053, 212
1558520849.399983, 212
1558520849.433439, 211
1558520849.471123, 213
1558520849.499770, 212
1558520849.532962, 212
1558520849.565750, 213
1558520849.600306, 213
1558520849.630582, 213
1558520849.663723, 214
1558520849.683278, 214
1558520849.702796, 213
1558520849.726215, 213
1558520849.763285, 213
1558520849.796482, 213
1558520849.831603, 213
1558520849.862848, 213
1558520849.897996, 212
1558520849.931188, 213
1558520849.965334, 213
1558520849.999475, 212
1558520850.031690, 212
1558520850.067995, 213
1558520850.101955, 213
1558520850.130641, 213
1558520850.163478, 214
1558520850.192792, 213
1558520850.226886, 213
1558520850.261076, 213
1558520850.292311, 213
1558520850.329426, 213
1558520850.362590, 212
1558520850.399662, 213
1558520850.434800, 214
1558520850.467037, 213
1558520850.496268, 214
1558520850.530424, 212
1558520850.559748, 212
1558520850.595849, 213
1558520850.632902, 213
1558520850.663172, 214
1558520850.699294, 214
1558520850.735400, 214
1558520850.768579, 213
1558520850.803509, 214
1558520850.836925, 214
1558520850.868910, 214
1558520850.901348, 214
1558520850.934572, 213
1558520850.970699, 215
1558520851.005795, 214
1558520851.038007, 214
1558520851.072102, 214
1558520851.108212, 215
1558520851.140423, 213
1558520851.165876, 215
1558520851.199821, 215
1558520851.234301, 213
1558520851.267140, 215
1558520851.300526, 214
1558520851.326703, 215
1558520851.355654, 216
1558520851.392268, 214
1558520851.440114, 217
1558520851.480069, 214
1558520851.505476, 214
1558520851.544488, 215
1558520851.584559, 215
1558520851.629405, 215
1558520851.664195, 217
1558520851.697740, 215
1558520851.726997, 215
1558520851.761167, 216
1558520851.791409, 214
1558520851.820730, 215
1558520851.850252, 215
1558520851.882214, 216
1558520851.915370, 215
1558520851.948586, 215
1558520851.973960, 215
1558520852.006192, 215
1558520852.035453, 215
1558520852.064711, 214
1558520852.093990, 216
1558520852.125213, 214
1558520852.157425, 216
1558520852.189627, 214
1558520852.219873, 217
1558520852.248185, 215
1558520852.277378, 215
1558520852.303864, 215
1558520852.331144, 216
1558520852.362393, 215
1558520852.394612, 216
1558520852.427830, 215
1558520852.460982, 215
1558520852.495143, 216
1558520852.526371, 215
1558520852.561517, 216
1558520852.595691, 214
1558520852.633809, 215
1558520852.666901, 215
1558520852.699135, 217
1558520852.729362, 216
1558520852.765560, 218
1558520852.791816, 215
1558520852.824034, 216
1558520852.855257, 217
1558520852.902110, 215
1558520852.931405, 216
1558520852.963589, 215
1558520852.997771, 216
1558520853.028015, 217
1558520853.060059, 216
1558520853.096343, 215
1558520853.126980, 215
1558520853.156832, 216
1558520853.189084, 215
1558520853.221293, 218
1558520853.252483, 216
1558520853.282424, 217
1558520853.315937, 217
1558520853.344272, 216
1558520853.378386, 217
1558520853.411576, 217
1558520853.442801, 218
1558520853.476006, 216
1558520853.507231, 217
1558520853.539420, 217
1558520853.576554, 217
1558520853.609740, 216
1558520853.642934, 215
1558520853.679042, 216
1558520853.713152, 217
1558520853.743457, 216
1558520853.777686, 217
1558520853.811744, 218
1558520853.844911, 217
1558520853.878145, 218
1558520853.912292, 217
1558520853.948278, 217
1558520853.979670, 217
1558520854.006927, 217
1558520854.043079, 217
1558520854.078240, 217
1558520854.111411, 217
1558520854.142594, 217
1558520854.176755, 217
1558520854.208025, 216
1558520854.243169, 217
1558520854.274353, 219
1558520854.306612, 218
1558520854.339745, 218
1558520854.366139, 219
1558520854.399961, 217
1558520854.432509, 218
1558520854.461783, 217
1558520854.493977, 218
1558520854.527163, 219
1558520854.559351, 217
1558520854.592548, 217
1558520854.627705, 217
1558520854.657961, 217
1558520854.692117, 218
1558520854.720391, 217
1558520854.753590, 218
1558520854.784800, 219
1558520854.813120, 218
1558520854.847263, 218
1558520854.876541, 218
1558520854.906800, 218
1558520854.939029, 218
1558520854.971248, 218
1558520855.003432, 218
1558520855.036638, 217
1558520855.069840, 218
1558520855.098845, 219
1558520855.132286, 218
1558520855.166440, 218
1558520855.195697, 218
1558520855.227915, 217
1558520855.260123, 218
1558520855.292329, 219
1558520855.327458, 218
1558520855.356745, 218
1558520855.389947, 219
1558520855.423106, 218
1558520855.455346, 220
1558520855.487568, 220
1558520855.522706, 220
1558520855.554945, 218
1558520855.588045, 219
1558520855.621228, 218
1558520855.654467, 219
1558520855.686671, 220
1558520855.719852, 219
1558520855.751079, 218
1558520855.784279, 219
1558520855.820366, 218
1558520855.856443, 219
1558520855.888703, 220
1558520855.923847, 218
1558520855.960245, 218
1558520855.999002, 220
1558520856.028269, 218
1558520856.062423, 220
1558520856.095606, 221
1558520856.143398, 218
1558520856.176575, 220
1558520856.212724, 218
1558520856.246947, 219
1558520856.284914, 219
1558520856.317124, 218
1558520856.351295, 219
1558520856.384506, 220
1558520856.413834, 221
1558520856.445998, 218
1558520856.474605, 220
1558520856.504557, 220
1558520856.534849, 220
1558520856.565064, 220
1558520856.599742, 220
1558520856.632372, 220
1558520856.662636, 219
1558520856.696878, 220
1558520856.727077, 220
1558520856.758284, 218
1558520856.793494, 221
1558520856.828582, 219
1558520856.861785, 220
1558520856.894010, 221
1558520856.928142, 220
1558520856.960338, 219
1558520856.994481, 220
1558520857.027646, 219
1558520857.057130, 220
1558520857.086214, 220
1558520857.114535, 220
1558520857.141876, 220
1558520857.177961, 221
1558520857.214110, 219
1558520857.244333, 219
1558520857.275556, 220
1558520857.310692, 220
1558520857.343910, 220
1558520857.378075, 221
1558520857.407319, 219
1558520857.439556, 221
1558520857.475682, 220
1558520857.509820, 221
1558520857.546918, 221
1558520857.578122, 220
1558520857.609374, 222
1558520857.637660, 220
1558520857.671845, 220
1558520857.709922, 220
1558520857.732327, 220
1558520857.768494, 222
1558520857.800695, 221
1558520857.834869, 221
1558520857.867060, 219
1558520857.900224, 221
1558520857.933431, 221
1558520857.968521, 220
1558520858.000725, 221
1558520858.030979, 221
1558520858.063706, 221
1558520858.102230, 221
1558520858.134487, 220
1558520858.168125, 222
1558520858.196920, 221
1558520858.230097, 221
1558520858.261358, 222
1558520858.289636, 221
1558520858.321830, 222
1558520858.352109, 221
1558520858.383349, 221
1558520858.420433, 221
1558520858.452612, 221
1558520858.484860, 221
1558520858.517078, 221
1558520858.552189, 222
1558520858.577587, 220
1558520858.611702, 223
1558520858.646856, 221
1558520858.675142, 222
1558520858.707351, 222
1558520858.737768, 221
1558520858.771787, 222
1558520858.803038, 221
1558520858.834238, 222
1558520858.864993, 221
1558520858.898655, 222
1558520858.929832, 222
1558520858.962122, 222
1558520858.996268, 221
1558520859.024371, 223
1558520859.042965, 222
1558520859.069542, 222
1558520859.108482, 222
1558520859.169973, 223
1558520859.198277, 222
1558520859.227554, 223
1558520859.261763, 221
1558520859.291013, 222
1558520859.328132, 223
1558520859.359391, 221
1558520859.399328, 221
1558520859.440361, 223
1558520859.476450, 222
1558520859.503764, 222
1558520859.532098, 222
1558520859.565254, 222
1558520859.600392, 222
1558520859.636520, 224
1558520859.663829, 224
1558520859.696061, 222
1558520859.719471, 223
1558520859.754590, 223
1558520859.785844, 223
1558520859.821949, 222
1558520859.854168, 223
1558520859.886362, 223
1558520859.919580, 222
1558520859.953763, 223
1558520859.988872, 223
1558520860.020102, 223
1558520860.052303, 224
1558520860.092318, 221
1558520860.126488, 223
1558520860.154789, 224
1558520860.185048, 223
1558520860.215271, 223
1558520860.247509, 222
1558520860.280682, 223
1558520860.311902, 223
1558520860.346119, 223
1558520860.379255, 223
1558520860.412432, 223
1558520860.443706, 224
1558520860.476614, 223
1558520860.507118, 223
1558520860.537356, 224
1558520860.569606, 223
1558520860.604722, 223
1558520860.638858, 223
1558520860.669158, 223
1558520860.699094, 223
1558520860.735223, 225
1558520860.768419, 224
1558520860.795718, 224
1558520860.831838, 226
1558520860.866988, 223
1558520860.902071, 225
1558520860.933322, 225
1558520860.963613, 225
1558520860.990931, 225
1558520861.023665, 225
1558520861.053378, 226
1558520861.084586, 225
1558520861.115533, 225
1558520861.133639, 225
1558520861.151964, 225
1558520861.181898, 226
1558520861.199648, 225
1558520861.219787, 225
1558520861.238841, 225
1558520861.258313, 227
1558520861.284677, 225
1558520861.315903, 225
1558520861.349138, 225
1558520861.381898, 224
1558520861.411582, 223
1558520861.434600, 224
1558520861.451553, 224
1558520861.468759, 223
1558520861.516997, 224
1558520861.552129, 225
1558520861.585293, 223
1558520861.617496, 224
1558520861.652654, 225
1558520861.683875, 224
1558520861.715095, 224
1558520861.745348, 225
1558520861.779332, 225
1558520861.809777, 225
1558520861.841908, 225
1558520861.873192, 225
1558520861.904431, 224
1558520861.936659, 225
1558520861.968846, 226
1558520861.998143, 225
1558520862.030333, 224
1558520862.067417, 225
1558520862.099624, 225
1558520862.134794, 225
1558520862.168162, 225
1558520862.199243, 224
1558520862.231687, 224
1558520862.265585, 226
1558520862.295812, 224
1558520862.327068, 225
1558520862.355348, 225
1558520862.385625, 225
1558520862.416539, 226
1558520862.449038, 224
1558520862.476427, 225
1558520862.509592, 225
1558520862.542792, 226
1558520862.574977, 225
1558520862.606240, 225
1558520862.638440, 225
1558520862.673574, 226
1558520862.704744, 225
1558520862.742845, 225
1558520862.776021, 226
1558520862.806245, 224
1558520862.840441, 225
1558520862.872651, 228
1558520862.904553, 226
1558520862.934116, 226
1558520862.964401, 227
1558520863.001490, 226
1558520863.035646, 226
1558520863.068749, 227
1558520863.088346, 226
1558520863.124427, 226
1558520863.158593, 227
1558520863.191776, 226
1558520863.221084, 226
1558520863.255209, 228
1558520863.285969, 226
1558520863.318704, 226
1558520863.348955, 227
1558520863.385025, 226
1558520863.418285, 226
1558520863.451428, 225
1558520863.482641, 227
1558520863.515846, 226
1558520863.549055, 227
1558520863.589041, 227
1558520863.609237, 227
1558520863.628058, 226
1558520863.662212, 228
1558520863.691518, 226
1558520863.724456, 227
1558520863.755900, 227
1558520863.789099, 225
1558520863.822264, 226
1558520863.853563, 227
1558520863.888683, 226
1558520863.921860, 227
1558520863.952123, 225
1558520863.978467, 228
1558520864.009734, 226
1558520864.048767, 227
1558520864.079972, 227
1558520864.125840, 226
1558520864.177462, 229
1558520864.208853, 226
1558520864.242051, 226
1558520864.275175, 228
1558520864.309310, 226
1558520864.343473, 227
1558520864.376709, 228
1558520864.406926, 226
1558520864.439126, 227
1558520864.473317, 228
1558520864.510396, 227
1558520864.543335, 227
1558520864.574810, 228
1558520864.607985, 227
1558520864.640188, 227
1558520864.672380, 228
1558520864.706549, 228
1558520864.739763, 226
1558520864.773898, 228
1558520864.805869, 226
1558520864.833479, 227
1558520864.871472, 227
1558520864.911518, 227
1558520864.944704, 227
1558520864.977872, 228
1558520865.010134, 227
1558520865.041356, 227
1558520865.071601, 228
1558520865.102944, 228
1558520865.138924, 228
1558520865.172068, 229
1558520865.202366, 228
1558520865.238444, 229
1558520865.271668, 228
1558520865.304855, 228
1558520865.335104, 227
1558520865.368306, 229
1558520865.403395, 228
1558520865.442508, 228
1558520865.474654, 229
1558520865.507897, 228
1558520865.542010, 228
1558520865.575526, 229
1558520865.605451, 228
1558520865.636664, 228
1558520865.667463, 227
1558520865.699110, 229
1558520865.730353, 227
1558520865.757784, 228
1558520865.793876, 229
1558520865.832823, 227
1558520865.865031, 229
1558520865.889831, 228
1558520865.924250, 229
1558520865.954861, 228
1558520865.983177, 230
1558520866.017351, 227
1558520866.050515, 228
1558520866.084400, 230
1558520866.108114, 228
1558520866.141313, 228
1558520866.171498, 229
1558520866.202778, 229
1558520866.243763, 229
1558520866.275958, 228
1558520866.306203, 229
1558520866.340361, 228
1558520866.365742, 230
1558520866.423370, 230
1558520866.456486, 229
1558520866.475844, 230
1558520866.494572, 230
1558520866.535583, 230
1558520866.556047, 230
1558520866.574586, 229
1558520866.594103, 231
1558520866.612378, 230
1558520866.632205, 229
1558520866.666332, 229
1558520866.689446, 230
1558520866.714187, 231
1558520866.748317, 229
1558520866.779540, 229
1558520866.816688, 230
1558520866.850826, 229
1558520866.883016, 229
1558520866.918154, 231
1558520866.936679, 228
1558520866.975782, 229
1558520867.007978, 230
1558520867.039176, 230
1558520867.070393, 228
1558520867.099703, 230
1558520867.134850, 229
1558520867.164121, 229
1558520867.192959, 230
1558520867.225616, 228
1558520867.256835, 229
1558520867.280245, 229
1558520867.312449, 232
1558520867.346637, 230
1558520867.380792, 230
1558520867.428623, 231
1558520867.460821, 229
1558520867.493990, 230
1558520867.526200, 230
1558520867.555464, 230
1558520867.589627, 229
1558520867.609343, 231
1558520867.635836, 232
1558520867.654055, 229
1558520867.676200, 229
1558520867.706789, 231
1558520867.738018, 230
1558520867.770203, 231
1558520867.811883, 232
1558520867.843908, 232
1558520867.863437, 230
1558520867.890244, 231
1558520867.923521, 232
1558520867.954654, 230
1558520867.985889, 230
1558520868.021016, 231
1558520868.046151, 232
1558520868.081531, 231
1558520868.115685, 231
1558520868.141070, 232
1558520868.173312, 230
1558520868.203531, 230
1558520868.233828, 230
1558520868.266989, 229
1558520868.300161, 231
1558520868.336061, 231
1558520868.362407, 230
1558520868.394830, 230
1558520868.419231, 231
1558520868.438771, 232
1558520868.468029, 230
1558520868.499261, 231
1558520868.533428, 233
1558520868.560800, 230
1558520868.591975, 232
1558520868.624227, 231
1558520868.663210, 230
1558520868.699359, 231
1558520868.734487, 232
1558520868.770603, 231
1558520868.805798, 231
1558520868.837999, 232
1558520868.860371, 231
1558520868.889744, 232
1558520868.915040, 232
1558520868.946276, 232
1558520868.973626, 231
1558520869.000924, 231
1558520869.029419, 232
1558520869.056511, 231
1558520869.085795, 231
1558520869.115622, 230
1558520869.143437, 231
1558520869.164919, 231
1558520869.194193, 231
1558520869.225471, 232
1558520869.251750, 232
1558520869.278118, 231
1558520869.303494, 231
1558520869.338643, 232
1558520869.371468, 231
1558520869.400135, 231
1558520869.428295, 232
1558520869.457733, 233
1558520869.486498, 231
1558520869.515308, 232
1558520869.544552, 233
1558520869.575844, 232
1558520869.607504, 232
1558520869.639254, 233
1558520869.670014, 233
1558520869.692943, 232
1558520869.721713, 233
1558520869.746988, 233
1558520869.771827, 233
1558520869.802273, 233
1558520869.827514, 233
1558520869.853975, 233
1558520869.883241, 234
1558520869.918417, 233
1558520869.952745, 233
1558520869.980387, 232
1558520870.008174, 232
1558520870.037528, 233
1558520870.067690, 232
1558520870.095019, 232
1558520870.116492, 231
1558520870.145590, 233
1558520870.173141, 233
1558520870.204403, 232
1558520870.238509, 233
1558520870.275565, 232
1558520870.305843, 233
1558520870.323936, 233
1558520870.344909, 234
1558520870.364541, 233
1558520870.394247, 231
1558520870.424917, 233
1558520870.480543, 232
1558520870.509848, 232
1558520870.540078, 233
1558520870.568713, 232
1558520870.596677, 232
1558520870.628890, 233
1558520870.663080, 233
1558520870.692344, 233
1558520870.718370, 233
1558520870.748947, 234
1558520870.777832, 233
1558520870.808477, 232
1558520870.853400, 234
1558520870.884642, 233
1558520870.915741, 233
1558520870.944153, 234
1558520870.973441, 233
1558520870.999773, 233
1558520871.034007, 234
1558520871.070071, 233
1558520871.099314, 234
1558520871.128600, 232
1558520871.156906, 234
1558520871.191136, 233
1558520871.223319, 232
155852087